data_somministrazione,area,fascia_anagrafica,nuovi_vaccinati,sesso_maschile,sesso_femminile,operatori_sanitari,personale_non_sanitario,ospiti_rsa
2020-12-27,ABR,16-19,0,0,0,0,0,0
2020-12-27,ABR,20-29,5,1,4,5,0,0
2020-12-27,ABR,30-39,16,5,11,16,0,0
2020-12-27,ABR,40-49,30,11,19,28,2,0
2020-12-27,ABR,50-59,34,19,15,31,3,0
2020-12-27,ABR,60-69,48,33,15,35,13,0
2020-12-27,ABR,70-79,1,1,0,0,0,1
2020-12-27,ABR,80-89,1,1,0,0,0,1
2020-12-27,ABR,90+,0,0,0,0,0,0
2020-12-27,BAS,16-19,0,0,0,0,0,0
2020-12-27,BAS,20-29,19,8,11,19,0,0
2020-12-27,BAS,30-39,46,14,32,46,0,0
2020-12-27,BAS,40-49,59,17,42,59,0,0
2020-12-27,BAS,50-59,50,25,25,50,0,0
2020-12-27,BAS,60-69,34,19,15,34,0,0
2020-12-27,BAS,70-79,0,0,0,0,0,0
2020-12-27,BAS,80-89,0,0,0,0,0,0
2020-12-27,BAS,90+,0,0,0,0,0,0
2020-12-27,CAL,16-19,0,0,0,0,0,0
2020-12-27,CAL,20-29,47,13,34,47,0,0
2020-12-27,CAL,30-39,44,22,22,44,0,0
2020-12-27,CAL,40-49,50,22,28,50,0,0
2020-12-27,CAL,50-59,72,46,26,71,1,0
2020-12-27,CAL,60-69,61,44,17,60,1,0
2020-12-27,CAL,70-79,0,0,0,0,0,0
2020-12-27,CAL,80-89,0,0,0,0,0,0
2020-12-27,CAL,90+,0,0,0,0,0,0
2020-12-27,CAM,20-29,50,20,30,49,1,0
2020-12-27,CAM,30-39,120,60,60,119,1,0
2020-12-27,CAM,40-49,163,80,83,163,0,0
2020-12-27,CAM,50-59,190,113,77,186,4,0
2020-12-27,CAM,60-69,188,142,46,187,1,0
2020-12-27,CAM,70-79,8,7,1,7,1,0
2020-12-27,EMR,20-29,138,52,86,88,49,1
2020-12-27,EMR,30-39,140,56,84,92,48,0
2020-12-27,EMR,40-49,224,80,144,129,94,1
2020-12-27,EMR,50-59,286,70,216,186,100,0
2020-12-27,EMR,60-69,149,98,51,85,61,3
2020-12-27,EMR,70-79,13,10,3,2,3,8
2020-12-27,EMR,80-89,8,2,6,0,0,8
2020-12-27,EMR,90+,5,0,5,0,0,5
2020-12-27,FVG,16-19,0,0,0,0,0,0
2020-12-27,FVG,20-29,5,1,4,5,0,0
2020-12-27,FVG,30-39,16,9,7,16,0,0
2020-12-27,FVG,40-49,50,16,34,50,0,0
2020-12-27,FVG,50-59,105,57,48,105,0,0
2020-12-27,FVG,60-69,85,63,22,85,0,0
2020-12-27,FVG,70-79,4,3,1,4,0,0
2020-12-27,FVG,80-89,0,0,0,0,0,0
2020-12-27,FVG,90+,0,0,0,0,0,0
2020-12-27,LAZ,16-19,0,0,0,0,0,0
2020-12-27,LAZ,20-29,36,18,18,36,0,0
2020-12-27,LAZ,30-39,47,26,21,47,0,0
2020-12-27,LAZ,40-49,33,16,17,33,0,0
2020-12-27,LAZ,50-59,41,20,21,40,1,0
2020-12-27,LAZ,60-69,22,11,11,22,0,0
2020-12-27,LAZ,70-79,0,0,0,0,0,0
2020-12-27,LAZ,80-89,0,0,0,0,0,0
2020-12-27,LAZ,90+,0,0,0,0,0,0
2020-12-27,LIG,16-19,0,0,0,0,0,0
2020-12-27,LIG,20-29,9,6,3,9,0,0
2020-12-27,LIG,30-39,24,12,12,24,0,0
2020-12-27,LIG,40-49,19,7,12,19,0,0
2020-12-27,LIG,50-59,36,16,20,34,1,1
2020-12-27,LIG,60-69,17,13,4,16,0,1
2020-12-27,LIG,70-79,5,2,3,0,2,3
2020-12-27,LIG,80-89,14,2,12,0,0,14
2020-12-27,LIG,90+,11,1,10,0,0,11
2020-12-27,LOM,16-19,50,37,13,50,0,0
2020-12-27,LOM,20-29,32,11,21,32,0,0
2020-12-27,LOM,30-39,66,35,31,62,4,0
2020-12-27,LOM,40-49,133,59,74,125,8,0
2020-12-27,LOM,50-59,240,126,114,235,5,0
2020-12-27,LOM,60-69,219,175,44,215,4,0
2020-12-27,LOM,70-79,13,8,5,10,1,2
2020-12-27,LOM,80-89,10,4,6,1,1,8
2020-12-27,LOM,90+,3,2,1,1,0,2
2020-12-27,MAR,16-19,0,0,0,0,0,0
2020-12-27,MAR,20-29,14,6,8,14,0,0
2020-12-27,MAR,30-39,21,5,16,21,0,0
2020-12-27,MAR,40-49,31,10,21,29,2,0
2020-12-27,MAR,50-59,36,13,23,32,4,0
2020-12-27,MAR,60-69,94,63,31,92,2,0
2020-12-27,MAR,70-79,1,0,1,0,0,1
2020-12-27,MAR,80-89,2,0,2,0,0,2
2020-12-27,MAR,90+,1,0,1,0,0,1
2020-12-27,MOL,16-19,0,0,0,0,0,0
2020-12-27,MOL,20-29,4,0,4,4,0,0
2020-12-27,MOL,30-39,9,4,5,8,1,0
2020-12-27,MOL,40-49,7,4,3,7,0,0
2020-12-27,MOL,50-59,10,5,5,10,0,0
2020-12-27,MOL,60-69,4,4,0,3,0,1
2020-12-27,MOL,70-79,4,1,3,0,0,4
2020-12-27,MOL,80-89,6,0,6,0,0,6
2020-12-27,MOL,90+,6,2,4,0,0,6
2020-12-27,PAB,16-19,0,0,0,0,0,0
2020-12-27,PAB,20-29,21,6,15,21,0,0
2020-12-27,PAB,30-39,25,11,14,25,0,0
2020-12-27,PAB,40-49,38,15,23,38,0,0
2020-12-27,PAB,50-59,46,23,23,46,0,0
2020-12-27,PAB,60-69,12,8,4,12,0,0
2020-12-27,PAB,70-79,1,1,0,1,0,0
2020-12-27,PAB,80-89,1,1,0,1,0,0
2020-12-27,PAB,90+,0,0,0,0,0,0
2020-12-27,PAT,16-19,0,0,0,0,0,0
2020-12-27,PAT,20-29,5,2,3,5,0,0
2020-12-27,PAT,30-39,8,2,6,8,0,0
2020-12-27,PAT,40-49,20,6,14,20,0,0
2020-12-27,PAT,50-59,29,10,19,26,2,1
2020-12-27,PAT,60-69,20,14,6,18,1,1
2020-12-27,PAT,70-79,4,3,1,0,0,4
2020-12-27,PAT,80-89,9,1,8,0,0,9
2020-12-27,PAT,90+,5,1,4,0,0,5
2020-12-27,PIE,16-19,0,0,0,0,0,0
2020-12-27,PIE,20-29,87,25,62,85,2,0
2020-12-27,PIE,30-39,140,59,81,132,8,0
2020-12-27,PIE,40-49,196,66,130,177,17,2
2020-12-27,PIE,50-59,291,103,188,249,39,3
2020-12-27,PIE,60-69,131,94,37,113,9,9
2020-12-27,PIE,70-79,19,9,10,1,0,18
2020-12-27,PIE,80-89,24,5,19,0,0,24
2020-12-27,PIE,90+,20,5,15,0,0,20
2020-12-27,PUG,16-19,0,0,0,0,0,0
2020-12-27,PUG,20-29,60,20,40,60,0,0
2020-12-27,PUG,30-39,92,34,58,91,1,0
2020-12-27,PUG,40-49,84,40,44,82,2,0
2020-12-27,PUG,50-59,140,73,67,132,6,2
2020-12-27,PUG,60-69,117,93,24,113,1,3
2020-12-27,PUG,70-79,18,11,7,4,1,13
2020-12-27,PUG,80-89,27,7,20,0,0,27
2020-12-27,PUG,90+,17,1,16,0,0,17
2020-12-27,SAR,16-19,0,0,0,0,0,0
2020-12-27,SAR,20-29,5,0,5,5,0,0
2020-12-27,SAR,30-39,3,0,3,3,0,0
2020-12-27,SAR,40-49,10,3,7,10,0,0
2020-12-27,SAR,50-59,20,12,8,20,0,0
2020-12-27,SAR,60-69,26,18,8,26,0,0
2020-12-27,SAR,70-79,1,1,0,1,0,0
2020-12-27,SAR,80-89,0,0,0,0,0,0
2020-12-27,SAR,90+,0,0,0,0,0,0
2020-12-27,SIC,16-19,0,0,0,0,0,0
2020-12-27,SIC,20-29,21,8,13,21,0,0
2020-12-27,SIC,30-39,15,7,8,15,0,0
2020-12-27,SIC,40-49,21,11,10,19,2,0
2020-12-27,SIC,50-59,25,18,7,21,0,4
2020-12-27,SIC,60-69,29,22,7,26,0,3
2020-12-27,SIC,70-79,12,8,4,3,0,9
2020-12-27,SIC,80-89,8,2,6,0,0,8
2020-12-27,SIC,90+,1,0,1,0,0,1
2020-12-27,TOS,16-19,0,0,0,0,0,0
2020-12-27,TOS,20-29,50,21,29,50,0,0
2020-12-27,TOS,30-39,114,50,64,114,0,0
2020-12-27,TOS,40-49,151,52,99,148,2,1
2020-12-27,TOS,50-59,185,72,113,174,3,8
2020-12-27,TOS,60-69,103,62,41,94,4,5
2020-12-27,TOS,70-79,9,8,1,1,0,8
2020-12-27,TOS,80-89,3,2,1,0,0,3
2020-12-27,TOS,90+,5,0,5,0,0,5
2020-12-27,UMB,16-19,0,0,0,0,0,0
2020-12-27,UMB,20-29,11,5,6,10,1,0
2020-12-27,UMB,30-39,19,10,9,18,1,0
2020-12-27,UMB,40-49,24,8,16,24,0,0
2020-12-27,UMB,50-59,42,22,20,40,2,0
2020-12-27,UMB,60-69,35,26,9,29,1,5
2020-12-27,UMB,70-79,6,3,3,1,0,5
2020-12-27,UMB,80-89,6,1,5,0,0,6
2020-12-27,UMB,90+,1,1,0,0,0,1
2020-12-27,VDA,16-19,0,0,0,0,0,0
2020-12-27,VDA,20-29,1,0,1,1,0,0
2020-12-27,VDA,30-39,1,1,0,1,0,0
2020-12-27,VDA,40-49,4,1,3,4,0,0
2020-12-27,VDA,50-59,9,4,5,9,0,0
2020-12-27,VDA,60-69,5,3,2,5,0,0
2020-12-27,VDA,70-79,0,0,0,0,0,0
2020-12-27,VDA,80-89,0,0,0,0,0,0
2020-12-27,VDA,90+,0,0,0,0,0,0
2020-12-27,VEN,16-19,0,0,0,0,0,0
2020-12-27,VEN,20-29,76,22,54,76,0,0
2020-12-27,VEN,30-39,123,66,57,123,0,0
2020-12-27,VEN,40-49,157,51,106,157,0,0
2020-12-27,VEN,50-59,339,122,217,338,1,0
2020-12-27,VEN,60-69,183,132,51,183,0,0
2020-12-27,VEN,70-79,2,2,0,2,0,0
2020-12-27,VEN,80-89,0,0,0,0,0,0
2020-12-27,VEN,90+,0,0,0,0,0,0
2020-12-28,CAL,16-19,0,0,0,0,0,0
2020-12-28,CAL,20-29,1,1,0,1,0,0
2020-12-28,CAL,30-39,1,0,1,1,0,0
2020-12-28,CAL,40-49,1,0,1,1,0,0
2020-12-28,CAL,50-59,1,0,1,1,0,0
2020-12-28,CAL,60-69,1,1,0,1,0,0
2020-12-28,CAL,70-79,0,0,0,0,0,0
2020-12-28,CAL,80-89,0,0,0,0,0,0
2020-12-28,CAL,90+,0,0,0,0,0,0
2020-12-28,LAZ,16-19,0,0,0,0,0,0
2020-12-28,LAZ,20-29,83,37,46,83,0,0
2020-12-28,LAZ,30-39,101,52,49,100,1,0
2020-12-28,LAZ,40-49,133,41,92,125,8,0
2020-12-28,LAZ,50-59,161,58,103,159,2,0
2020-12-28,LAZ,60-69,89,63,26,84,5,0
2020-12-28,LAZ,70-79,0,0,0,0,0,0
2020-12-28,LAZ,80-89,0,0,0,0,0,0
2020-12-28,LAZ,90+,0,0,0,0,0,0
2020-12-28,LIG,16-19,0,0,0,0,0,0
2020-12-28,LIG,20-29,4,1,3,4,0,0
2020-12-28,LIG,30-39,13,4,9,13,0,0
2020-12-28,LIG,40-49,23,9,14,23,0,0
2020-12-28,LIG,50-59,29,10,19,29,0,0
2020-12-28,LIG,60-69,10,5,5,10,0,0
2020-12-28,LIG,70-79,0,0,0,0,0,0
2020-12-28,LIG,80-89,1,1,0,0,1,0
2020-12-28,LIG,90+,0,0,0,0,0,0
2020-12-28,LOM,16-19,0,0,0,0,0,0
2020-12-28,LOM,20-29,40,20,20,34,6,0
2020-12-28,LOM,30-39,97,39,58,86,11,0
2020-12-28,LOM,40-49,101,40,61,92,9,0
2020-12-28,LOM,50-59,107,47,60,92,15,0
2020-12-28,LOM,60-69,46,25,21,34,12,0
2020-12-28,LOM,70-79,0,0,0,0,0,0
2020-12-28,LOM,80-89,0,0,0,0,0,0
2020-12-28,LOM,90+,0,0,0,0,0,0
2020-12-28,PAB,16-19,0,0,0,0,0,0
2020-12-28,PAB,20-29,0,0,0,0,0,0
2020-12-28,PAB,30-39,0,0,0,0,0,0
2020-12-28,PAB,40-49,0,0,0,0,0,0
2020-12-28,PAB,50-59,0,0,0,0,0,0
2020-12-28,PAB,60-69,0,0,0,0,0,0
2020-12-28,PAB,70-79,0,0,0,0,0,0
2020-12-28,PAB,80-89,0,0,0,0,0,0
2020-12-28,PAB,90+,0,0,0,0,0,0
2020-12-28,SAR,16-19,0,0,0,0,0,0
2020-12-28,SAR,20-29,1,0,1,1,0,0
2020-12-28,SAR,30-39,5,3,2,5,0,0
2020-12-28,SAR,40-49,19,8,11,19,0,0
2020-12-28,SAR,50-59,24,9,15,24,0,0
2020-12-28,SAR,60-69,16,5,11,16,0,0
2020-12-28,SAR,70-79,0,0,0,0,0,0
2020-12-28,SAR,80-89,0,0,0,0,0,0
2020-12-28,SAR,90+,0,0,0,0,0,0
2020-12-28,SIC,16-19,0,0,0,0,0,0
2020-12-28,SIC,20-29,26,13,13,26,0,0
2020-12-28,SIC,30-39,48,27,21,48,0,0
2020-12-28,SIC,40-49,42,22,20,42,0,0
2020-12-28,SIC,50-59,45,29,16,43,2,0
2020-12-28,SIC,60-69,53,37,16,53,0,0
2020-12-28,SIC,70-79,0,0,0,0,0,0
2020-12-28,SIC,80-89,0,0,0,0,0,0
2020-12-28,SIC,90+,0,0,0,0,0,0
2020-12-29,LAZ,16-19,0,0,0,0,0,0
2020-12-29,LAZ,20-29,38,6,32,38,0,0
2020-12-29,LAZ,30-39,59,24,35,53,6,0
2020-12-29,LAZ,40-49,67,22,45,62,5,0
2020-12-29,LAZ,50-59,128,40,88,124,4,0
2020-12-29,LAZ,60-69,55,35,20,55,0,0
2020-12-29,LAZ,70-79,4,2,2,4,0,0
2020-12-29,LAZ,80-89,0,0,0,0,0,0
2020-12-29,LAZ,90+,0,0,0,0,0,0
2020-12-29,LIG,16-19,0,0,0,0,0,0
2020-12-29,LIG,20-29,1,1,0,1,0,0
2020-12-29,LIG,30-39,29,9,20,27,2,0
2020-12-29,LIG,40-49,22,5,17,20,2,0
2020-12-29,LIG,50-59,38,8,30,38,0,0
2020-12-29,LIG,60-69,12,6,6,11,1,0
2020-12-29,LIG,70-79,5,2,3,0,2,3
2020-12-29,LIG,80-89,9,1,8,0,0,9
2020-12-29,LIG,90+,9,1,8,0,0,9
2020-12-29,LOM,16-19,1,1,0,0,1,0
2020-12-29,LOM,20-29,36,14,22,35,1,0
2020-12-29,LOM,30-39,109,47,62,103,6,0
2020-12-29,LOM,40-49,99,38,61,88,11,0
2020-12-29,LOM,50-59,117,37,80,85,32,0
2020-12-29,LOM,60-69,54,35,19,46,8,0
2020-12-29,LOM,70-79,0,0,0,0,0,0
2020-12-29,LOM,80-89,0,0,0,0,0,0
2020-12-29,LOM,90+,0,0,0,0,0,0
2020-12-29,SAR,16-19,0,0,0,0,0,0
2020-12-29,SAR,20-29,3,2,1,3,0,0
2020-12-29,SAR,30-39,3,1,2,3,0,0
2020-12-29,SAR,40-49,10,6,4,10,0,0
2020-12-29,SAR,50-59,19,8,11,18,1,0
2020-12-29,SAR,60-69,15,12,3,15,0,0
2020-12-29,SAR,70-79,0,0,0,0,0,0
2020-12-29,SAR,80-89,0,0,0,0,0,0
2020-12-29,SAR,90+,0,0,0,0,0,0
2020-12-29,SIC,16-19,0,0,0,0,0,0
2020-12-29,SIC,20-29,16,9,7,16,0,0
2020-12-29,SIC,30-39,51,27,24,51,0,0
2020-12-29,SIC,40-49,56,34,22,56,0,0
2020-12-29,SIC,50-59,51,30,21,51,0,0
2020-12-29,SIC,60-69,61,46,15,61,0,0
2020-12-29,SIC,70-79,0,0,0,0,0,0
2020-12-29,SIC,80-89,0,0,0,0,0,0
2020-12-29,SIC,90+,0,0,0,0,0,0
2020-12-30,FVG,16-19,0,0,0,0,0,0
2020-12-30,FVG,20-29,53,18,35,49,4,0
2020-12-30,FVG,30-39,135,54,81,125,10,0
2020-12-30,FVG,40-49,160,46,114,148,12,0
2020-12-30,FVG,50-59,168,60,108,159,9,0
2020-12-30,FVG,60-69,95,57,38,90,5,0
2020-12-30,FVG,70-79,16,14,2,16,0,0
2020-12-30,FVG,80-89,2,1,1,2,0,0
2020-12-30,FVG,90+,0,0,0,0,0,0
2020-12-30,LAZ,16-19,0,0,0,0,0,0
2020-12-30,LAZ,20-29,133,52,81,133,0,0
2020-12-30,LAZ,30-39,319,138,181,318,1,0
2020-12-30,LAZ,40-49,446,165,281,442,4,0
2020-12-30,LAZ,50-59,434,163,271,423,11,0
2020-12-30,LAZ,60-69,209,116,93,197,5,7
2020-12-30,LAZ,70-79,37,17,20,10,0,27
2020-12-30,LAZ,80-89,20,4,16,0,0,20
2020-12-30,LAZ,90+,6,1,5,0,0,6
2020-12-30,LIG,16-19,0,0,0,0,0,0
2020-12-30,LIG,20-29,1,1,0,1,0,0
2020-12-30,LIG,30-39,1,0,1,1,0,0
2020-12-30,LIG,40-49,2,0,2,2,0,0
2020-12-30,LIG,50-59,7,4,3,7,0,0
2020-12-30,LIG,60-69,1,0,1,1,0,0
2020-12-30,LIG,70-79,0,0,0,0,0,0
2020-12-30,LIG,80-89,0,0,0,0,0,0
2020-12-30,LIG,90+,0,0,0,0,0,0
2020-12-30,LOM,16-19,0,0,0,0,0,0
2020-12-30,LOM,20-29,16,4,12,13,3,0
2020-12-30,LOM,30-39,35,10,25,33,2,0
2020-12-30,LOM,40-49,27,10,17,27,0,0
2020-12-30,LOM,50-59,41,16,25,37,4,0
2020-12-30,LOM,60-69,9,4,5,8,1,0
2020-12-30,LOM,70-79,0,0,0,0,0,0
2020-12-30,LOM,80-89,0,0,0,0,0,0
2020-12-30,LOM,90+,0,0,0,0,0,0
2020-12-30,MAR,16-19,0,0,0,0,0,0
2020-12-30,MAR,20-29,4,1,3,3,1,0
2020-12-30,MAR,30-39,1,0,1,1,0,0
2020-12-30,MAR,40-49,3,1,2,3,0,0
2020-12-30,MAR,50-59,8,2,6,6,2,0
2020-12-30,MAR,60-69,1,1,0,1,0,0
2020-12-30,MAR,70-79,0,0,0,0,0,0
2020-12-30,MAR,80-89,0,0,0,0,0,0
2020-12-30,MAR,90+,0,0,0,0,0,0
2020-12-30,PAB,16-19,0,0,0,0,0,0
2020-12-30,PAB,20-29,49,23,26,44,5,0
2020-12-30,PAB,30-39,88,32,56,80,8,0
2020-12-30,PAB,40-49,130,47,83,123,7,0
2020-12-30,PAB,50-59,87,39,48,67,20,0
2020-12-30,PAB,60-69,28,21,7,28,0,0
2020-12-30,PAB,70-79,1,1,0,1,0,0
2020-12-30,PAB,80-89,0,0,0,0,0,0
2020-12-30,PAB,90+,0,0,0,0,0,0
2020-12-30,PIE,16-19,0,0,0,0,0,0
2020-12-30,PIE,20-29,124,48,76,119,5,0
2020-12-30,PIE,30-39,105,62,43,101,4,0
2020-12-30,PIE,40-49,180,79,101,165,15,0
2020-12-30,PIE,50-59,218,78,140,199,19,0
2020-12-30,PIE,60-69,97,53,44,93,4,0
2020-12-30,PIE,70-79,0,0,0,0,0,0
2020-12-30,PIE,80-89,0,0,0,0,0,0
2020-12-30,PIE,90+,0,0,0,0,0,0
2020-12-30,SIC,16-19,0,0,0,0,0,0
2020-12-30,SIC,20-29,39,25,14,32,7,0
2020-12-30,SIC,30-39,69,35,34,69,0,0
2020-12-30,SIC,40-49,50,29,21,46,4,0
2020-12-30,SIC,50-59,48,33,15,44,4,0
2020-12-30,SIC,60-69,33,20,13,30,3,0
2020-12-30,SIC,70-79,0,0,0,0,0,0
2020-12-30,SIC,80-89,0,0,0,0,0,0
2020-12-30,SIC,90+,0,0,0,0,0,0
2020-12-30,TOS,16-19,2,2,0,0,0,2
2020-12-30,TOS,20-29,12,9,3,4,0,8
2020-12-30,TOS,30-39,15,7,8,5,1,9
2020-12-30,TOS,40-49,20,5,15,6,1,13
2020-12-30,TOS,50-59,34,15,19,16,2,16
2020-12-30,TOS,60-69,20,11,9,2,2,16
2020-12-30,TOS,70-79,30,16,14,1,0,29
2020-12-30,TOS,80-89,102,22,80,0,0,102
2020-12-30,TOS,90+,67,9,58,0,0,67
2020-12-30,VEN,16-19,0,0,0,0,0,0
2020-12-30,VEN,20-29,52,14,38,48,4,0
2020-12-30,VEN,30-39,120,46,74,118,2,0
2020-12-30,VEN,40-49,201,57,144,191,10,0
2020-12-30,VEN,50-59,218,67,151,203,15,0
2020-12-30,VEN,60-69,72,45,27,61,7,4
2020-12-30,VEN,70-79,8,4,4,0,0,8
2020-12-30,VEN,80-89,20,10,10,0,0,20
2020-12-30,VEN,90+,7,2,5,0,0,7
2020-12-31,CAM,16-19,1,1,0,0,1,0
2020-12-31,CAM,20-29,103,40,63,96,7,0
2020-12-31,CAM,30-39,260,120,140,237,23,0
2020-12-31,CAM,40-49,340,160,180,311,29,0
2020-12-31,CAM,50-59,434,236,198,389,44,1
2020-12-31,CAM,60-69,338,242,96,287,51,0
2020-12-31,CAM,70-79,11,9,2,11,0,0
2020-12-31,CAM,80-89,1,1,0,1,0,0
2020-12-31,EMR,16-19,1,0,1,0,0,1
2020-12-31,EMR,20-29,233,61,172,193,34,6
2020-12-31,EMR,30-39,386,169,217,295,87,4
2020-12-31,EMR,40-49,448,149,299,317,121,10
2020-12-31,EMR,50-59,479,137,342,357,112,10
2020-12-31,EMR,60-69,286,177,109,204,54,28
2020-12-31,EMR,70-79,47,16,31,4,2,41
2020-12-31,EMR,80-89,123,21,102,1,0,122
2020-12-31,EMR,90+,99,11,88,0,1,98
2020-12-31,FVG,16-19,0,0,0,0,0,0
2020-12-31,FVG,20-29,122,38,84,88,34,0
2020-12-31,FVG,30-39,222,89,133,203,19,0
2020-12-31,FVG,40-49,252,73,179,237,15,0
2020-12-31,FVG,50-59,293,83,210,280,13,0
2020-12-31,FVG,60-69,146,84,62,142,4,0
2020-12-31,FVG,70-79,17,15,2,16,1,0
2020-12-31,FVG,80-89,1,1,0,1,0,0
2020-12-31,FVG,90+,1,1,0,1,0,0
2020-12-31,LAZ,16-19,0,0,0,0,0,0
2020-12-31,LAZ,20-29,386,132,254,380,5,1
2020-12-31,LAZ,30-39,924,376,548,906,15,3
2020-12-31,LAZ,40-49,1169,414,755,1110,46,13
2020-12-31,LAZ,50-59,1404,535,869,1346,40,18
2020-12-31,LAZ,60-69,794,487,307,726,33,35
2020-12-31,LAZ,70-79,60,26,34,16,1,43
2020-12-31,LAZ,80-89,107,27,80,0,0,107
2020-12-31,LAZ,90+,63,6,57,0,0,63
2020-12-31,LIG,16-19,0,0,0,0,0,0
2020-12-31,LIG,20-29,71,19,52,70,1,0
2020-12-31,LIG,30-39,113,49,64,113,0,0
2020-12-31,LIG,40-49,153,38,115,148,4,1
2020-12-31,LIG,50-59,298,99,199,278,11,9
2020-12-31,LIG,60-69,138,92,46,115,5,18
2020-12-31,LIG,70-79,47,24,23,6,1,40
2020-12-31,LIG,80-89,68,12,56,0,0,68
2020-12-31,LIG,90+,47,8,39,0,0,47
2020-12-31,LOM,16-19,0,0,0,0,0,0
2020-12-31,LOM,20-29,51,19,32,51,0,0
2020-12-31,LOM,30-39,141,58,83,134,7,0
2020-12-31,LOM,40-49,162,58,104,153,9,0
2020-12-31,LOM,50-59,236,79,157,228,8,0
2020-12-31,LOM,60-69,74,48,26,72,2,0
2020-12-31,LOM,70-79,1,1,0,1,0,0
2020-12-31,LOM,80-89,0,0,0,0,0,0
2020-12-31,LOM,90+,0,0,0,0,0,0
2020-12-31,MAR,16-19,0,0,0,0,0,0
2020-12-31,MAR,20-29,13,5,8,13,0,0
2020-12-31,MAR,30-39,78,36,42,77,1,0
2020-12-31,MAR,40-49,104,42,62,104,0,0
2020-12-31,MAR,50-59,94,38,56,91,3,0
2020-12-31,MAR,60-69,95,52,43,86,9,0
2020-12-31,MAR,70-79,0,0,0,0,0,0
2020-12-31,MAR,80-89,0,0,0,0,0,0
2020-12-31,MAR,90+,0,0,0,0,0,0
2020-12-31,PAB,16-19,0,0,0,0,0,0
2020-12-31,PAB,20-29,42,18,24,36,6,0
2020-12-31,PAB,30-39,78,34,44,68,10,0
2020-12-31,PAB,40-49,112,42,70,95,17,0
2020-12-31,PAB,50-59,154,63,91,127,27,0
2020-12-31,PAB,60-69,55,43,12,42,13,0
2020-12-31,PAB,70-79,3,3,0,3,0,0
2020-12-31,PAB,80-89,0,0,0,0,0,0
2020-12-31,PAB,90+,0,0,0,0,0,0
2020-12-31,PAT,16-19,1,0,1,1,0,0
2020-12-31,PAT,20-29,103,28,75,99,4,0
2020-12-31,PAT,30-39,160,56,104,151,8,1
2020-12-31,PAT,40-49,240,49,191,211,25,4
2020-12-31,PAT,50-59,315,82,233,244,54,17
2020-12-31,PAT,60-69,140,67,73,92,9,39
2020-12-31,PAT,70-79,119,55,64,11,1,107
2020-12-31,PAT,80-89,246,72,174,2,0,244
2020-12-31,PAT,90+,170,14,156,0,1,169
2020-12-31,PIE,16-19,3,0,3,3,0,0
2020-12-31,PIE,20-29,356,113,243,344,12,0
2020-12-31,PIE,30-39,630,248,382,605,25,0
2020-12-31,PIE,40-49,929,256,673,863,66,0
2020-12-31,PIE,50-59,1292,385,907,1101,191,0
2020-12-31,PIE,60-69,478,259,219,409,58,11
2020-12-31,PIE,70-79,36,20,16,7,0,29
2020-12-31,PIE,80-89,57,22,35,4,0,53
2020-12-31,PIE,90+,40,4,36,0,0,40
2020-12-31,PUG,16-19,0,0,0,0,0,0
2020-12-31,PUG,20-29,179,88,91,174,5,0
2020-12-31,PUG,30-39,286,131,155,275,11,0
2020-12-31,PUG,40-49,328,158,170,313,15,0
2020-12-31,PUG,50-59,322,160,162,303,18,1
2020-12-31,PUG,60-69,141,76,65,133,7,1
2020-12-31,PUG,70-79,9,4,5,4,0,5
2020-12-31,PUG,80-89,4,1,3,0,0,4
2020-12-31,PUG,90+,5,0,5,0,0,5
2020-12-31,SAR,16-19,0,0,0,0,0,0
2020-12-31,SAR,20-29,0,0,0,0,0,0
2020-12-31,SAR,30-39,3,1,2,3,0,0
2020-12-31,SAR,40-49,5,2,3,4,1,0
2020-12-31,SAR,50-59,16,6,10,12,4,0
2020-12-31,SAR,60-69,7,6,1,7,0,0
2020-12-31,SAR,70-79,1,1,0,1,0,0
2020-12-31,SAR,80-89,0,0,0,0,0,0
2020-12-31,SAR,90+,0,0,0,0,0,0
2020-12-31,SIC,16-19,2,2,0,0,2,0
2020-12-31,SIC,20-29,132,61,71,131,1,0
2020-12-31,SIC,30-39,166,82,84,165,1,0
2020-12-31,SIC,40-49,192,96,96,191,1,0
2020-12-31,SIC,50-59,227,129,98,226,1,0
2020-12-31,SIC,60-69,141,93,48,138,3,0
2020-12-31,SIC,70-79,6,6,0,6,0,0
2020-12-31,SIC,80-89,0,0,0,0,0,0
2020-12-31,SIC,90+,0,0,0,0,0,0
2020-12-31,TOS,16-19,0,0,0,0,0,0
2020-12-31,TOS,20-29,13,5,8,13,0,0
2020-12-31,TOS,30-39,25,9,16,22,0,3
2020-12-31,TOS,40-49,33,8,25,23,1,9
2020-12-31,TOS,50-59,59,19,40,23,2,34
2020-12-31,TOS,60-69,70,25,45,14,0,56
2020-12-31,TOS,70-79,117,39,78,0,1,116
2020-12-31,TOS,80-89,247,57,190,2,0,245
2020-12-31,TOS,90+,197,26,171,0,0,197
2020-12-31,UMB,16-19,0,0,0,0,0,0
2020-12-31,UMB,20-29,17,5,12,17,0,0
2020-12-31,UMB,30-39,46,18,28,46,0,0
2020-12-31,UMB,40-49,67,18,49,67,0,0
2020-12-31,UMB,50-59,88,26,62,88,0,0
2020-12-31,UMB,60-69,33,22,11,32,1,0
2020-12-31,UMB,70-79,0,0,0,0,0,0
2020-12-31,UMB,80-89,0,0,0,0,0,0
2020-12-31,UMB,90+,0,0,0,0,0,0
2020-12-31,VDA,16-19,0,0,0,0,0,0
2020-12-31,VDA,20-29,1,0,1,1,0,0
2020-12-31,VDA,30-39,2,0,2,2,0,0
2020-12-31,VDA,40-49,3,1,2,3,0,0
2020-12-31,VDA,50-59,11,3,8,11,0,0
2020-12-31,VDA,60-69,1,0,1,1,0,0
2020-12-31,VDA,70-79,0,0,0,0,0,0
2020-12-31,VDA,80-89,0,0,0,0,0,0
2020-12-31,VDA,90+,0,0,0,0,0,0
2020-12-31,VEN,16-19,1,1,0,0,1,0
2020-12-31,VEN,20-29,345,92,253,340,4,1
2020-12-31,VEN,30-39,501,186,315,488,13,0
2020-12-31,VEN,40-49,758,200,558,738,20,0
2020-12-31,VEN,50-59,965,278,687,911,50,4
2020-12-31,VEN,60-69,395,234,161,372,12,11
2020-12-31,VEN,70-79,42,17,25,5,0,37
2020-12-31,VEN,80-89,78,16,62,1,0,77
2020-12-31,VEN,90+,75,2,73,0,0,75
2021-01-01,CAM,20-29,76,27,49,73,3,0
2021-01-01,CAM,30-39,189,92,97,174,15,0
2021-01-01,CAM,40-49,212,102,110,199,13,0
2021-01-01,CAM,50-59,268,155,113,243,25,0
2021-01-01,CAM,60-69,172,129,43,152,20,0
2021-01-01,LAZ,16-19,3,0,3,1,1,1
2021-01-01,LAZ,20-29,315,83,232,308,6,1
2021-01-01,LAZ,30-39,595,240,355,578,15,2
2021-01-01,LAZ,40-49,861,284,577,821,32,8
2021-01-01,LAZ,50-59,1114,447,667,1062,41,11
2021-01-01,LAZ,60-69,594,309,285,544,39,11
2021-01-01,LAZ,70-79,40,22,18,21,3,16
2021-01-01,LAZ,80-89,16,8,8,3,0,13
2021-01-01,LAZ,90+,7,3,4,0,1,6
2021-01-01,LIG,16-19,0,0,0,0,0,0
2021-01-01,LIG,20-29,15,5,10,11,4,0
2021-01-01,LIG,30-39,22,11,11,21,1,0
2021-01-01,LIG,40-49,34,14,20,32,2,0
2021-01-01,LIG,50-59,57,15,42,56,1,0
2021-01-01,LIG,60-69,16,10,6,13,3,0
2021-01-01,LIG,70-79,0,0,0,0,0,0
2021-01-01,LIG,80-89,0,0,0,0,0,0
2021-01-01,LIG,90+,0,0,0,0,0,0
2021-01-01,LOM,16-19,0,0,0,0,0,0
2021-01-01,LOM,20-29,2,0,2,2,0,0
2021-01-01,LOM,30-39,5,2,3,5,0,0
2021-01-01,LOM,40-49,6,0,6,6,0,0
2021-01-01,LOM,50-59,8,3,5,8,0,0
2021-01-01,LOM,60-69,2,1,1,2,0,0
2021-01-01,LOM,70-79,1,1,0,1,0,0
2021-01-01,LOM,80-89,0,0,0,0,0,0
2021-01-01,LOM,90+,0,0,0,0,0,0
2021-01-01,PAT,16-19,1,1,0,1,0,0
2021-01-01,PAT,20-29,7,2,5,7,0,0
2021-01-01,PAT,30-39,17,6,11,14,2,1
2021-01-01,PAT,40-49,48,7,41,47,1,0
2021-01-01,PAT,50-59,37,8,29,30,5,2
2021-01-01,PAT,60-69,21,8,13,12,3,6
2021-01-01,PAT,70-79,11,4,7,0,0,11
2021-01-01,PAT,80-89,43,10,33,0,0,43
2021-01-01,PAT,90+,24,3,21,0,0,24
2021-01-01,PIE,16-19,0,0,0,0,0,0
2021-01-01,PIE,20-29,136,51,85,133,3,0
2021-01-01,PIE,30-39,159,63,96,147,12,0
2021-01-01,PIE,40-49,235,85,150,221,14,0
2021-01-01,PIE,50-59,378,119,259,314,64,0
2021-01-01,PIE,60-69,120,69,51,99,21,0
2021-01-01,PIE,70-79,5,4,1,5,0,0
2021-01-01,PIE,80-89,0,0,0,0,0,0
2021-01-01,PIE,90+,0,0,0,0,0,0
2021-01-01,PUG,16-19,0,0,0,0,0,0
2021-01-01,PUG,20-29,22,6,16,22,0,0
2021-01-01,PUG,30-39,40,15,25,40,0,0
2021-01-01,PUG,40-49,45,16,29,45,0,0
2021-01-01,PUG,50-59,42,24,18,42,0,0
2021-01-01,PUG,60-69,30,16,14,30,0,0
2021-01-01,PUG,70-79,0,0,0,0,0,0
2021-01-01,PUG,80-89,0,0,0,0,0,0
2021-01-01,PUG,90+,0,0,0,0,0,0
2021-01-01,SAR,16-19,0,0,0,0,0,0
2021-01-01,SAR,20-29,1,1,0,1,0,0
2021-01-01,SAR,30-39,4,2,2,4,0,0
2021-01-01,SAR,40-49,8,3,5,8,0,0
2021-01-01,SAR,50-59,10,3,7,10,0,0
2021-01-01,SAR,60-69,7,7,0,7,0,0
2021-01-01,SAR,70-79,0,0,0,0,0,0
2021-01-01,SAR,80-89,0,0,0,0,0,0
2021-01-01,SAR,90+,0,0,0,0,0,0
2021-01-01,SIC,16-19,1,1,0,0,1,0
2021-01-01,SIC,20-29,154,66,88,151,3,0
2021-01-01,SIC,30-39,201,89,112,200,1,0
2021-01-01,SIC,40-49,174,98,76,168,6,0
2021-01-01,SIC,50-59,170,101,69,152,18,0
2021-01-01,SIC,60-69,101,70,31,97,4,0
2021-01-01,SIC,70-79,8,8,0,8,0,0
2021-01-01,SIC,80-89,0,0,0,0,0,0
2021-01-01,SIC,90+,0,0,0,0,0,0
2021-01-01,TOS,16-19,0,0,0,0,0,0
2021-01-01,TOS,20-29,222,69,153,221,1,0
2021-01-01,TOS,30-39,360,126,234,356,0,4
2021-01-01,TOS,40-49,430,135,295,426,1,3
2021-01-01,TOS,50-59,522,182,340,501,0,21
2021-01-01,TOS,60-69,229,130,99,196,0,33
2021-01-01,TOS,70-79,94,53,41,6,0,88
2021-01-01,TOS,80-89,257,56,201,6,0,251
2021-01-01,TOS,90+,251,34,217,2,0,249
2021-01-01,UMB,16-19,0,0,0,0,0,0
2021-01-01,UMB,20-29,13,4,9,13,0,0
2021-01-01,UMB,30-39,72,33,39,72,0,0
2021-01-01,UMB,40-49,92,32,60,91,1,0
2021-01-01,UMB,50-59,77,25,52,76,1,0
2021-01-01,UMB,60-69,27,16,11,26,1,0
2021-01-01,UMB,70-79,0,0,0,0,0,0
2021-01-01,UMB,80-89,0,0,0,0,0,0
2021-01-01,UMB,90+,0,0,0,0,0,0
2021-01-01,VEN,16-19,0,0,0,0,0,0
2021-01-01,VEN,20-29,151,46,105,151,0,0
2021-01-01,VEN,30-39,298,109,189,296,2,0
2021-01-01,VEN,40-49,417,102,315,414,3,0
2021-01-01,VEN,50-59,508,133,375,504,4,0
2021-01-01,VEN,60-69,146,80,66,145,1,0
2021-01-01,VEN,70-79,0,0,0,0,0,0
2021-01-01,VEN,80-89,1,0,1,0,0,1
2021-01-01,VEN,90+,0,0,0,0,0,0
2021-01-02,ABR,16-19,1,0,1,1,0,0
2021-01-02,ABR,20-29,71,16,55,71,0,0
2021-01-02,ABR,30-39,128,52,76,127,1,0
2021-01-02,ABR,40-49,143,50,93,140,3,0
2021-01-02,ABR,50-59,124,48,76,124,0,0
2021-01-02,ABR,60-69,82,51,31,81,1,0
2021-01-02,ABR,70-79,1,1,0,1,0,0
2021-01-02,ABR,80-89,0,0,0,0,0,0
2021-01-02,ABR,90+,0,0,0,0,0,0
2021-01-02,BAS,16-19,0,0,0,0,0,0
2021-01-02,BAS,20-29,60,13,47,59,1,0
2021-01-02,BAS,30-39,149,56,93,146,3,0
2021-01-02,BAS,40-49,259,97,162,245,14,0
2021-01-02,BAS,50-59,271,106,165,258,13,0
2021-01-02,BAS,60-69,145,83,62,129,16,0
2021-01-02,BAS,70-79,1,1,0,0,1,0
2021-01-02,BAS,80-89,0,0,0,0,0,0
2021-01-02,BAS,90+,0,0,0,0,0,0
2021-01-02,CAL,16-19,0,0,0,0,0,0
2021-01-02,CAL,20-29,10,4,6,10,0,0
2021-01-02,CAL,30-39,16,8,8,16,0,0
2021-01-02,CAL,40-49,35,10,25,35,0,0
2021-01-02,CAL,50-59,58,28,30,58,0,0
2021-01-02,CAL,60-69,50,47,3,50,0,0
2021-01-02,CAL,70-79,0,0,0,0,0,0
2021-01-02,CAL,80-89,0,0,0,0,0,0
2021-01-02,CAL,90+,0,0,0,0,0,0
2021-01-02,CAM,16-19,1,0,1,1,0,0
2021-01-02,CAM,20-29,275,116,159,262,13,0
2021-01-02,CAM,30-39,634,322,312,585,49,0
2021-01-02,CAM,40-49,787,358,429,739,48,0
2021-01-02,CAM,50-59,1023,541,482,953,70,0
2021-01-02,CAM,60-69,910,594,316,810,100,0
2021-01-02,CAM,70-79,36,28,8,36,0,0
2021-01-02,CAM,80-89,1,1,0,1,0,0
2021-01-02,CAM,90+,1,1,0,1,0,0
2021-01-02,EMR,16-19,2,2,0,1,1,0
2021-01-02,EMR,20-29,242,96,146,226,16,0
2021-01-02,EMR,30-39,491,228,263,450,41,0
2021-01-02,EMR,40-49,499,173,326,450,49,0
2021-01-02,EMR,50-59,564,179,385,483,79,2
2021-01-02,EMR,60-69,322,176,146,258,53,11
2021-01-02,EMR,70-79,36,15,21,6,4,26
2021-01-02,EMR,80-89,64,14,50,0,2,62
2021-01-02,EMR,90+,49,5,44,0,0,49
2021-01-02,FVG,16-19,0,0,0,0,0,0
2021-01-02,FVG,20-29,160,63,97,124,36,0
2021-01-02,FVG,30-39,238,95,143,217,21,0
2021-01-02,FVG,40-49,294,91,203,281,13,0
2021-01-02,FVG,50-59,320,87,233,291,29,0
2021-01-02,FVG,60-69,171,107,64,164,7,0
2021-01-02,FVG,70-79,28,25,3,27,1,0
2021-01-02,FVG,80-89,1,1,0,1,0,0
2021-01-02,FVG,90+,0,0,0,0,0,0
2021-01-02,LAZ,16-19,32,11,21,19,3,10
2021-01-02,LAZ,20-29,662,227,435,598,44,20
2021-01-02,LAZ,30-39,1153,426,727,1099,33,21
2021-01-02,LAZ,40-49,1485,492,993,1391,72,22
2021-01-02,LAZ,50-59,1875,695,1180,1744,88,43
2021-01-02,LAZ,60-69,1197,662,535,1101,44,52
2021-01-02,LAZ,70-79,125,74,51,44,7,74
2021-01-02,LAZ,80-89,132,32,100,3,3,126
2021-01-02,LAZ,90+,67,5,62,0,0,67
2021-01-02,LIG,16-19,3,0,3,3,0,0
2021-01-02,LIG,20-29,61,20,41,58,3,0
2021-01-02,LIG,30-39,108,38,70,91,17,0
2021-01-02,LIG,40-49,187,60,127,162,25,0
2021-01-02,LIG,50-59,252,82,170,209,43,0
2021-01-02,LIG,60-69,80,45,35,64,16,0
2021-01-02,LIG,70-79,1,1,0,0,1,0
2021-01-02,LIG,80-89,0,0,0,0,0,0
2021-01-02,LIG,90+,0,0,0,0,0,0
2021-01-02,LOM,16-19,0,0,0,0,0,0
2021-01-02,LOM,20-29,32,9,23,32,0,0
2021-01-02,LOM,30-39,41,15,26,39,2,0
2021-01-02,LOM,40-49,53,13,40,51,2,0
2021-01-02,LOM,50-59,51,21,30,48,3,0
2021-01-02,LOM,60-69,23,16,7,22,1,0
2021-01-02,LOM,70-79,0,0,0,0,0,0
2021-01-02,LOM,80-89,0,0,0,0,0,0
2021-01-02,LOM,90+,0,0,0,0,0,0
2021-01-02,MAR,16-19,0,0,0,0,0,0
2021-01-02,MAR,20-29,40,12,28,40,0,0
2021-01-02,MAR,30-39,99,38,61,95,4,0
2021-01-02,MAR,40-49,129,33,96,123,6,0
2021-01-02,MAR,50-59,173,46,127,163,10,0
2021-01-02,MAR,60-69,68,34,34,60,8,0
2021-01-02,MAR,70-79,5,4,1,4,1,0
2021-01-02,MAR,80-89,1,1,0,0,1,0
2021-01-02,MAR,90+,0,0,0,0,0,0
2021-01-02,PAB,16-19,0,0,0,0,0,0
2021-01-02,PAB,20-29,5,1,4,5,0,0
2021-01-02,PAB,30-39,10,3,7,10,0,0
2021-01-02,PAB,40-49,28,11,17,28,0,0
2021-01-02,PAB,50-59,11,5,6,11,0,0
2021-01-02,PAB,60-69,12,8,4,12,0,0
2021-01-02,PAB,70-79,0,0,0,0,0,0
2021-01-02,PAB,80-89,0,0,0,0,0,0
2021-01-02,PAB,90+,0,0,0,0,0,0
2021-01-02,PAT,16-19,1,1,0,0,1,0
2021-01-02,PAT,20-29,48,14,34,47,0,1
2021-01-02,PAT,30-39,68,24,44,68,0,0
2021-01-02,PAT,40-49,97,20,77,90,6,1
2021-01-02,PAT,50-59,105,19,86,96,7,2
2021-01-02,PAT,60-69,41,14,27,31,6,4
2021-01-02,PAT,70-79,28,18,10,1,1,26
2021-01-02,PAT,80-89,58,21,37,4,1,53
2021-01-02,PAT,90+,55,11,44,0,2,53
2021-01-02,PIE,16-19,4,0,4,3,1,0
2021-01-02,PIE,20-29,452,128,324,424,28,0
2021-01-02,PIE,30-39,610,231,379,562,48,0
2021-01-02,PIE,40-49,829,226,603,762,67,0
2021-01-02,PIE,50-59,1159,301,858,994,165,0
2021-01-02,PIE,60-69,395,203,192,309,85,1
2021-01-02,PIE,70-79,31,29,2,13,11,7
2021-01-02,PIE,80-89,30,10,20,2,3,25
2021-01-02,PIE,90+,19,2,17,0,0,19
2021-01-02,PUG,16-19,2,0,2,0,2,0
2021-01-02,PUG,20-29,254,80,174,252,2,0
2021-01-02,PUG,30-39,597,252,345,590,7,0
2021-01-02,PUG,40-49,738,276,462,711,27,0
2021-01-02,PUG,50-59,832,365,467,800,30,2
2021-01-02,PUG,60-69,426,282,144,411,15,0
2021-01-02,PUG,70-79,26,11,15,17,9,0
2021-01-02,PUG,80-89,13,8,5,6,4,3
2021-01-02,PUG,90+,15,4,11,2,10,3
2021-01-02,SAR,16-19,0,0,0,0,0,0
2021-01-02,SAR,20-29,3,0,3,3,0,0
2021-01-02,SAR,30-39,6,1,5,6,0,0
2021-01-02,SAR,40-49,14,3,11,14,0,0
2021-01-02,SAR,50-59,25,10,15,25,0,0
2021-01-02,SAR,60-69,12,7,5,12,0,0
2021-01-02,SAR,70-79,0,0,0,0,0,0
2021-01-02,SAR,80-89,0,0,0,0,0,0
2021-01-02,SAR,90+,0,0,0,0,0,0
2021-01-02,SIC,16-19,4,1,3,0,4,0
2021-01-02,SIC,20-29,553,248,305,527,26,0
2021-01-02,SIC,30-39,874,423,451,834,40,0
2021-01-02,SIC,40-49,1100,524,576,1010,90,0
2021-01-02,SIC,50-59,1453,771,682,1363,90,0
2021-01-02,SIC,60-69,965,616,349,919,46,0
2021-01-02,SIC,70-79,11,8,3,8,3,0
2021-01-02,SIC,80-89,1,1,0,1,0,0
2021-01-02,SIC,90+,1,1,0,0,1,0
2021-01-02,TOS,16-19,0,0,0,0,0,0
2021-01-02,TOS,20-29,393,113,280,392,0,1
2021-01-02,TOS,30-39,590,217,373,588,1,1
2021-01-02,TOS,40-49,689,176,513,679,1,9
2021-01-02,TOS,50-59,776,228,548,736,9,31
2021-01-02,TOS,60-69,345,179,166,271,3,71
2021-01-02,TOS,70-79,151,72,79,4,1,146
2021-01-02,TOS,80-89,311,79,232,4,0,307
2021-01-02,TOS,90+,238,31,207,4,0,234
2021-01-02,UMB,16-19,0,0,0,0,0,0
2021-01-02,UMB,20-29,19,1,18,19,0,0
2021-01-02,UMB,30-39,98,34,64,98,0,0
2021-01-02,UMB,40-49,78,27,51,78,0,0
2021-01-02,UMB,50-59,72,33,39,72,0,0
2021-01-02,UMB,60-69,37,25,12,36,1,0
2021-01-02,UMB,70-79,0,0,0,0,0,0
2021-01-02,UMB,80-89,0,0,0,0,0,0
2021-01-02,UMB,90+,0,0,0,0,0,0
2021-01-02,VDA,16-19,0,0,0,0,0,0
2021-01-02,VDA,20-29,0,0,0,0,0,0
2021-01-02,VDA,30-39,0,0,0,0,0,0
2021-01-02,VDA,40-49,0,0,0,0,0,0
2021-01-02,VDA,50-59,0,0,0,0,0,0
2021-01-02,VDA,60-69,2,2,0,0,0,2
2021-01-02,VDA,70-79,0,0,0,0,0,0
2021-01-02,VDA,80-89,4,3,1,0,0,4
2021-01-02,VDA,90+,0,0,0,0,0,0
2021-01-02,VEN,16-19,1,0,1,0,1,0
2021-01-02,VEN,20-29,696,198,498,681,14,1
2021-01-02,VEN,30-39,944,318,626,908,35,1
2021-01-02,VEN,40-49,1352,373,979,1288,64,0
2021-01-02,VEN,50-59,1569,380,1189,1475,89,5
2021-01-02,VEN,60-69,614,361,253,533,45,36
2021-01-02,VEN,70-79,103,45,58,19,8,76
2021-01-02,VEN,80-89,233,49,184,1,5,227
2021-01-02,VEN,90+,199,34,165,0,2,197
2021-01-03,ABR,16-19,0,0,0,0,0,0
2021-01-03,ABR,20-29,96,24,72,96,0,0
2021-01-03,ABR,30-39,103,49,54,100,3,0
2021-01-03,ABR,40-49,160,63,97,159,1,0
2021-01-03,ABR,50-59,139,58,81,136,3,0
2021-01-03,ABR,60-69,65,25,40,64,1,0
2021-01-03,ABR,70-79,0,0,0,0,0,0
2021-01-03,ABR,80-89,1,0,1,1,0,0
2021-01-03,ABR,90+,0,0,0,0,0,0
2021-01-03,BAS,16-19,0,0,0,0,0,0
2021-01-03,BAS,20-29,41,9,32,41,0,0
2021-01-03,BAS,30-39,123,53,70,123,0,0
2021-01-03,BAS,40-49,251,97,154,249,2,0
2021-01-03,BAS,50-59,207,69,138,205,2,0
2021-01-03,BAS,60-69,101,60,41,99,2,0
2021-01-03,BAS,70-79,0,0,0,0,0,0
2021-01-03,BAS,80-89,0,0,0,0,0,0
2021-01-03,BAS,90+,0,0,0,0,0,0
2021-01-03,CAL,16-19,0,0,0,0,0,0
2021-01-03,CAL,20-29,1,0,1,1,0,0
2021-01-03,CAL,30-39,0,0,0,0,0,0
2021-01-03,CAL,40-49,0,0,0,0,0,0
2021-01-03,CAL,50-59,1,1,0,1,0,0
2021-01-03,CAL,60-69,3,2,1,2,1,0
2021-01-03,CAL,70-79,0,0,0,0,0,0
2021-01-03,CAL,80-89,0,0,0,0,0,0
2021-01-03,CAL,90+,0,0,0,0,0,0
2021-01-03,CAM,20-29,263,92,171,242,21,0
2021-01-03,CAM,30-39,612,301,311,559,53,0
2021-01-03,CAM,40-49,718,299,419,654,64,0
2021-01-03,CAM,50-59,1065,510,555,979,86,0
2021-01-03,CAM,60-69,1125,761,364,1012,113,0
2021-01-03,CAM,70-79,47,41,6,47,0,0
2021-01-03,CAM,80-89,1,1,0,1,0,0
2021-01-03,EMR,20-29,335,99,236,302,33,0
2021-01-03,EMR,30-39,560,214,346,499,61,0
2021-01-03,EMR,40-49,618,199,419,525,92,1
2021-01-03,EMR,50-59,704,188,516,610,92,2
2021-01-03,EMR,60-69,335,170,165,281,42,12
2021-01-03,EMR,70-79,48,28,20,16,5,27
2021-01-03,EMR,80-89,62,25,37,0,0,62
2021-01-03,EMR,90+,66,11,55,0,0,66
2021-01-03,FVG,16-19,1,0,1,0,1,0
2021-01-03,FVG,20-29,77,28,49,37,40,0
2021-01-03,FVG,30-39,56,20,36,45,11,0
2021-01-03,FVG,40-49,65,21,44,58,7,0
2021-01-03,FVG,50-59,64,19,45,55,9,0
2021-01-03,FVG,60-69,34,21,13,31,3,0
2021-01-03,FVG,70-79,13,12,1,11,2,0
2021-01-03,FVG,80-89,0,0,0,0,0,0
2021-01-03,FVG,90+,1,0,1,0,1,0
2021-01-03,LAZ,16-19,3,0,3,3,0,0
2021-01-03,LAZ,20-29,499,149,350,449,47,3
2021-01-03,LAZ,30-39,865,334,531,825,35,5
2021-01-03,LAZ,40-49,1265,392,873,1203,56,6
2021-01-03,LAZ,50-59,1431,479,952,1334,70,27
2021-01-03,LAZ,60-69,939,525,414,869,45,25
2021-01-03,LAZ,70-79,71,48,23,30,10,31
2021-01-03,LAZ,80-89,77,28,49,7,4,66
2021-01-03,LAZ,90+,37,4,33,0,0,37
2021-01-03,LIG,16-19,0,0,0,0,0,0
2021-01-03,LIG,20-29,70,18,52,62,8,0
2021-01-03,LIG,30-39,105,36,69,94,11,0
2021-01-03,LIG,40-49,142,29,113,122,20,0
2021-01-03,LIG,50-59,279,91,188,251,28,0
2021-01-03,LIG,60-69,97,48,49,88,9,0
2021-01-03,LIG,70-79,0,0,0,0,0,0
2021-01-03,LIG,80-89,0,0,0,0,0,0
2021-01-03,LIG,90+,0,0,0,0,0,0
2021-01-03,LOM,16-19,0,0,0,0,0,0
2021-01-03,LOM,20-29,94,23,71,94,0,0
2021-01-03,LOM,30-39,162,73,89,160,2,0
2021-01-03,LOM,40-49,177,58,119,170,7,0
2021-01-03,LOM,50-59,279,87,192,266,13,0
2021-01-03,LOM,60-69,112,63,49,106,6,0
2021-01-03,LOM,70-79,6,6,0,6,0,0
2021-01-03,LOM,80-89,3,1,2,1,0,2
2021-01-03,LOM,90+,2,0,2,0,0,2
2021-01-03,MAR,16-19,0,0,0,0,0,0
2021-01-03,MAR,20-29,80,30,50,65,15,0
2021-01-03,MAR,30-39,175,72,103,152,23,0
2021-01-03,MAR,40-49,260,92,168,222,38,0
2021-01-03,MAR,50-59,277,95,182,227,50,0
2021-01-03,MAR,60-69,104,59,45,79,25,0
2021-01-03,MAR,70-79,1,0,1,0,1,0
2021-01-03,MAR,80-89,0,0,0,0,0,0
2021-01-03,MAR,90+,0,0,0,0,0,0
2021-01-03,PAT,16-19,1,0,1,0,1,0
2021-01-03,PAT,20-29,45,6,39,42,3,0
2021-01-03,PAT,30-39,64,28,36,63,1,0
2021-01-03,PAT,40-49,86,17,69,85,1,0
2021-01-03,PAT,50-59,126,33,93,122,4,0
2021-01-03,PAT,60-69,108,56,52,101,1,6
2021-01-03,PAT,70-79,14,10,4,4,0,10
2021-01-03,PAT,80-89,23,6,17,0,0,23
2021-01-03,PAT,90+,26,3,23,0,0,26
2021-01-03,PIE,16-19,1,0,1,1,0,0
2021-01-03,PIE,20-29,367,98,269,354,13,0
2021-01-03,PIE,30-39,462,173,289,431,31,0
2021-01-03,PIE,40-49,712,200,512,640,72,0
2021-01-03,PIE,50-59,1062,256,806,942,120,0
2021-01-03,PIE,60-69,387,208,179,329,53,5
2021-01-03,PIE,70-79,26,21,5,7,7,12
2021-01-03,PIE,80-89,24,6,18,1,0,23
2021-01-03,PIE,90+,12,2,10,0,0,12
2021-01-03,PUG,16-19,1,1,0,1,0,0
2021-01-03,PUG,20-29,209,93,116,207,2,0
2021-01-03,PUG,30-39,396,187,209,396,0,0
2021-01-03,PUG,40-49,481,203,278,477,2,2
2021-01-03,PUG,50-59,488,235,253,482,4,2
2021-01-03,PUG,60-69,217,141,76,205,5,7
2021-01-03,PUG,70-79,58,31,27,29,9,20
2021-01-03,PUG,80-89,50,10,40,0,21,29
2021-01-03,PUG,90+,21,6,15,0,14,7
2021-01-03,SAR,16-19,0,0,0,0,0,0
2021-01-03,SAR,20-29,9,2,7,9,0,0
2021-01-03,SAR,30-39,11,5,6,11,0,0
2021-01-03,SAR,40-49,19,7,12,19,0,0
2021-01-03,SAR,50-59,26,10,16,26,0,0
2021-01-03,SAR,60-69,24,11,13,23,1,0
2021-01-03,SAR,70-79,1,1,0,1,0,0
2021-01-03,SAR,80-89,0,0,0,0,0,0
2021-01-03,SAR,90+,0,0,0,0,0,0
2021-01-03,SIC,16-19,3,2,1,2,1,0
2021-01-03,SIC,20-29,545,259,286,527,18,0
2021-01-03,SIC,30-39,875,427,448,836,39,0
2021-01-03,SIC,40-49,1032,490,542,928,104,0
2021-01-03,SIC,50-59,1319,703,616,1221,98,0
2021-01-03,SIC,60-69,845,526,319,778,67,0
2021-01-03,SIC,70-79,26,21,5,17,9,0
2021-01-03,SIC,80-89,0,0,0,0,0,0
2021-01-03,SIC,90+,0,0,0,0,0,0
2021-01-03,TOS,16-19,0,0,0,0,0,0
2021-01-03,TOS,20-29,442,146,296,437,1,4
2021-01-03,TOS,30-39,600,216,384,590,2,8
2021-01-03,TOS,40-49,633,177,456,607,2,24
2021-01-03,TOS,50-59,758,209,549,705,3,50
2021-01-03,TOS,60-69,287,144,143,213,0,74
2021-01-03,TOS,70-79,150,67,83,8,0,142
2021-01-03,TOS,80-89,265,80,185,1,0,264
2021-01-03,TOS,90+,231,27,204,3,0,228
2021-01-03,UMB,16-19,0,0,0,0,0,0
2021-01-03,UMB,20-29,35,8,27,35,0,0
2021-01-03,UMB,30-39,65,26,39,65,0,0
2021-01-03,UMB,40-49,80,32,48,80,0,0
2021-01-03,UMB,50-59,69,27,42,69,0,0
2021-01-03,UMB,60-69,21,17,4,21,0,0
2021-01-03,UMB,70-79,0,0,0,0,0,0
2021-01-03,UMB,80-89,0,0,0,0,0,0
2021-01-03,UMB,90+,0,0,0,0,0,0
2021-01-03,VEN,16-19,6,5,1,4,2,0
2021-01-03,VEN,20-29,647,184,463,616,31,0
2021-01-03,VEN,30-39,793,272,521,751,42,0
2021-01-03,VEN,40-49,1215,297,918,1146,69,0
2021-01-03,VEN,50-59,1590,397,1193,1471,119,0
2021-01-03,VEN,60-69,548,311,237,504,38,6
2021-01-03,VEN,70-79,61,33,28,19,3,39
2021-01-03,VEN,80-89,112,24,88,0,0,112
2021-01-03,VEN,90+,93,7,86,0,0,93
2021-01-04,ABR,16-19,0,0,0,0,0,0
2021-01-04,ABR,20-29,114,30,84,114,0,0
2021-01-04,ABR,30-39,243,94,149,242,1,0
2021-01-04,ABR,40-49,350,134,216,349,1,0
2021-01-04,ABR,50-59,413,143,270,411,2,0
2021-01-04,ABR,60-69,289,175,114,288,1,0
2021-01-04,ABR,70-79,1,1,0,1,0,0
2021-01-04,ABR,80-89,1,1,0,1,0,0
2021-01-04,ABR,90+,0,0,0,0,0,0
2021-01-04,BAS,16-19,0,0,0,0,0,0
2021-01-04,BAS,20-29,13,4,9,13,0,0
2021-01-04,BAS,30-39,82,32,50,77,5,0
2021-01-04,BAS,40-49,114,46,68,97,17,0
2021-01-04,BAS,50-59,119,57,62,100,19,0
2021-01-04,BAS,60-69,77,50,27,64,13,0
2021-01-04,BAS,70-79,2,1,1,1,1,0
2021-01-04,BAS,80-89,0,0,0,0,0,0
2021-01-04,BAS,90+,0,0,0,0,0,0
2021-01-04,CAL,16-19,0,0,0,0,0,0
2021-01-04,CAL,20-29,68,26,42,59,9,0
2021-01-04,CAL,30-39,196,101,95,190,6,0
2021-01-04,CAL,40-49,277,112,165,272,5,0
2021-01-04,CAL,50-59,318,152,166,306,12,0
2021-01-04,CAL,60-69,225,141,84,209,16,0
2021-01-04,CAL,70-79,4,4,0,2,2,0
2021-01-04,CAL,80-89,0,0,0,0,0,0
2021-01-04,CAL,90+,0,0,0,0,0,0
2021-01-04,CAM,16-19,1,0,1,0,1,0
2021-01-04,CAM,20-29,443,158,285,421,22,0
2021-01-04,CAM,30-39,957,440,517,902,55,0
2021-01-04,CAM,40-49,1133,487,646,1031,102,0
2021-01-04,CAM,50-59,1757,850,907,1550,207,0
2021-01-04,CAM,60-69,1477,970,507,1275,202,0
2021-01-04,CAM,70-79,54,53,1,54,0,0
2021-01-04,CAM,80-89,1,1,0,1,0,0
2021-01-04,EMR,16-19,4,0,4,1,3,0
2021-01-04,EMR,20-29,790,253,537,635,155,0
2021-01-04,EMR,30-39,1477,581,896,1182,294,1
2021-01-04,EMR,40-49,1537,478,1059,1194,343,0
2021-01-04,EMR,50-59,1861,514,1347,1391,464,6
2021-01-04,EMR,60-69,907,447,460,673,210,24
2021-01-04,EMR,70-79,154,86,68,43,33,78
2021-01-04,EMR,80-89,244,85,159,28,56,160
2021-01-04,EMR,90+,224,52,172,23,47,154
2021-01-04,FVG,16-19,1,0,1,0,1,0
2021-01-04,FVG,20-29,241,92,149,167,74,0
2021-01-04,FVG,30-39,284,105,179,252,32,0
2021-01-04,FVG,40-49,343,104,239,308,35,0
2021-01-04,FVG,50-59,395,111,284,361,34,0
2021-01-04,FVG,60-69,204,113,91,190,14,0
2021-01-04,FVG,70-79,36,30,6,34,2,0
2021-01-04,FVG,80-89,5,4,1,3,2,0
2021-01-04,FVG,90+,0,0,0,0,0,0
2021-01-04,LAZ,16-19,7,2,5,7,0,0
2021-01-04,LAZ,20-29,586,212,374,558,26,2
2021-01-04,LAZ,30-39,1179,476,703,1092,81,6
2021-01-04,LAZ,40-49,1707,568,1139,1536,155,16
2021-01-04,LAZ,50-59,2185,783,1402,1976,177,32
2021-01-04,LAZ,60-69,1358,707,651,1250,62,46
2021-01-04,LAZ,70-79,114,69,45,48,7,59
2021-01-04,LAZ,80-89,138,34,104,5,9,124
2021-01-04,LAZ,90+,78,11,67,0,4,74
2021-01-04,LIG,16-19,4,1,3,1,3,0
2021-01-04,LIG,20-29,270,78,192,232,38,0
2021-01-04,LIG,30-39,384,153,231,344,35,5
2021-01-04,LIG,40-49,559,143,416,509,43,7
2021-01-04,LIG,50-59,864,252,612,762,76,26
2021-01-04,LIG,60-69,362,190,172,304,43,15
2021-01-04,LIG,70-79,24,16,8,3,7,14
2021-01-04,LIG,80-89,92,12,80,0,2,90
2021-01-04,LIG,90+,74,8,66,0,0,74
2021-01-04,LOM,16-19,7,1,6,7,0,0
2021-01-04,LOM,20-29,651,198,453,614,37,0
2021-01-04,LOM,30-39,1349,597,752,1266,83,0
2021-01-04,LOM,40-49,1699,514,1185,1575,124,0
2021-01-04,LOM,50-59,2164,609,1555,1960,204,0
2021-01-04,LOM,60-69,764,436,328,711,49,4
2021-01-04,LOM,70-79,58,31,27,28,2,28
2021-01-04,LOM,80-89,74,15,59,0,0,74
2021-01-04,LOM,90+,68,5,63,0,0,68
2021-01-04,MAR,16-19,0,0,0,0,0,0
2021-01-04,MAR,20-29,109,38,71,96,13,0
2021-01-04,MAR,30-39,241,101,140,224,17,0
2021-01-04,MAR,40-49,313,106,207,275,38,0
2021-01-04,MAR,50-59,496,168,328,416,80,0
2021-01-04,MAR,60-69,224,118,106,191,33,0
2021-01-04,MAR,70-79,2,2,0,2,0,0
2021-01-04,MAR,80-89,0,0,0,0,0,0
2021-01-04,MAR,90+,0,0,0,0,0,0
2021-01-04,MOL,16-19,0,0,0,0,0,0
2021-01-04,MOL,20-29,18,7,11,18,0,0
2021-01-04,MOL,30-39,47,21,26,45,2,0
2021-01-04,MOL,40-49,90,23,67,86,4,0
2021-01-04,MOL,50-59,100,44,56,92,8,0
2021-01-04,MOL,60-69,52,34,18,50,2,0
2021-01-04,MOL,70-79,1,1,0,1,0,0
2021-01-04,MOL,80-89,0,0,0,0,0,0
2021-01-04,MOL,90+,0,0,0,0,0,0
2021-01-04,PAB,16-19,0,0,0,0,0,0
2021-01-04,PAB,20-29,32,12,20,29,3,0
2021-01-04,PAB,30-39,98,41,57,88,10,0
2021-01-04,PAB,40-49,136,45,91,115,21,0
2021-01-04,PAB,50-59,133,51,82,98,35,0
2021-01-04,PAB,60-69,52,29,23,44,8,0
2021-01-04,PAB,70-79,2,2,0,1,1,0
2021-01-04,PAB,80-89,0,0,0,0,0,0
2021-01-04,PAB,90+,0,0,0,0,0,0
2021-01-04,PAT,16-19,0,0,0,0,0,0
2021-01-04,PAT,20-29,72,20,52,69,3,0
2021-01-04,PAT,30-39,80,27,53,76,4,0
2021-01-04,PAT,40-49,163,31,132,145,17,1
2021-01-04,PAT,50-59,177,33,144,158,14,5
2021-01-04,PAT,60-69,65,23,42,38,7,20
2021-01-04,PAT,70-79,56,31,25,4,3,49
2021-01-04,PAT,80-89,122,21,101,0,0,122
2021-01-04,PAT,90+,89,9,80,0,0,89
2021-01-04,PIE,16-19,6,1,5,5,1,0
2021-01-04,PIE,20-29,560,180,380,510,50,0
2021-01-04,PIE,30-39,859,292,567,777,81,1
2021-01-04,PIE,40-49,1294,310,984,1144,150,0
2021-01-04,PIE,50-59,1888,472,1416,1522,358,8
2021-01-04,PIE,60-69,702,336,366,595,92,15
2021-01-04,PIE,70-79,51,35,16,8,3,40
2021-01-04,PIE,80-89,105,29,76,1,0,104
2021-01-04,PIE,90+,65,10,55,0,0,65
2021-01-04,PUG,16-19,4,2,2,3,1,0
2021-01-04,PUG,20-29,446,160,286,435,11,0
2021-01-04,PUG,30-39,827,350,477,800,27,0
2021-01-04,PUG,40-49,980,404,576,936,43,1
2021-01-04,PUG,50-59,1188,477,711,1123,64,1
2021-01-04,PUG,60-69,571,371,200,518,50,3
2021-01-04,PUG,70-79,31,16,15,20,1,10
2021-01-04,PUG,80-89,26,10,16,9,2,15
2021-01-04,PUG,90+,18,4,14,3,0,15
2021-01-04,SAR,16-19,0,0,0,0,0,0
2021-01-04,SAR,20-29,48,10,38,47,1,0
2021-01-04,SAR,30-39,129,55,74,126,3,0
2021-01-04,SAR,40-49,129,37,92,123,6,0
2021-01-04,SAR,50-59,168,58,110,159,9,0
2021-01-04,SAR,60-69,98,51,47,96,2,0
2021-01-04,SAR,70-79,0,0,0,0,0,0
2021-01-04,SAR,80-89,0,0,0,0,0,0
2021-01-04,SAR,90+,1,1,0,1,0,0
2021-01-04,SIC,16-19,10,6,4,3,7,0
2021-01-04,SIC,20-29,619,267,352,553,66,0
2021-01-04,SIC,30-39,1332,656,676,1215,117,0
2021-01-04,SIC,40-49,1680,755,925,1478,202,0
2021-01-04,SIC,50-59,2347,1114,1233,2107,239,1
2021-01-04,SIC,60-69,1545,920,625,1427,118,0
2021-01-04,SIC,70-79,73,58,15,59,13,1
2021-01-04,SIC,80-89,6,2,4,1,1,4
2021-01-04,SIC,90+,1,1,0,1,0,0
2021-01-04,TOS,16-19,8,4,4,7,0,1
2021-01-04,TOS,20-29,830,336,494,814,12,4
2021-01-04,TOS,30-39,988,422,566,967,9,12
2021-01-04,TOS,40-49,880,268,612,863,4,13
2021-01-04,TOS,50-59,1033,333,700,986,4,43
2021-01-04,TOS,60-69,529,296,233,433,2,94
2021-01-04,TOS,70-79,172,98,74,17,0,155
2021-01-04,TOS,80-89,330,93,237,3,1,326
2021-01-04,TOS,90+,279,38,241,0,0,279
2021-01-04,UMB,16-19,0,0,0,0,0,0
2021-01-04,UMB,20-29,49,16,33,49,0,0
2021-01-04,UMB,30-39,188,87,101,188,0,0
2021-01-04,UMB,40-49,205,63,142,204,1,0
2021-01-04,UMB,50-59,184,89,95,184,0,0
2021-01-04,UMB,60-69,175,123,52,175,0,0
2021-01-04,UMB,70-79,6,3,3,6,0,0
2021-01-04,UMB,80-89,0,0,0,0,0,0
2021-01-04,UMB,90+,0,0,0,0,0,0
2021-01-04,VDA,16-19,6,2,4,6,0,0
2021-01-04,VDA,20-29,25,12,13,25,0,0
2021-01-04,VDA,30-39,33,10,23,33,0,0
2021-01-04,VDA,40-49,41,9,32,41,0,0
2021-01-04,VDA,50-59,32,22,10,32,0,0
2021-01-04,VDA,60-69,3,2,1,3,0,0
2021-01-04,VDA,70-79,2,2,0,2,0,0
2021-01-04,VDA,80-89,0,0,0,0,0,0
2021-01-04,VDA,90+,0,0,0,0,0,0
2021-01-04,VEN,16-19,5,2,3,4,1,0
2021-01-04,VEN,20-29,743,219,524,721,22,0
2021-01-04,VEN,30-39,1031,346,685,984,47,0
2021-01-04,VEN,40-49,1378,342,1036,1277,97,4
2021-01-04,VEN,50-59,1904,505,1399,1671,210,23
2021-01-04,VEN,60-69,725,373,352,596,74,55
2021-01-04,VEN,70-79,189,87,102,28,11,150
2021-01-04,VEN,80-89,369,93,276,1,2,366
2021-01-04,VEN,90+,260,34,226,0,1,259
2021-01-05,ABR,16-19,0,0,0,0,0,0
2021-01-05,ABR,20-29,140,34,106,140,0,0
2021-01-05,ABR,30-39,309,105,204,306,3,0
2021-01-05,ABR,40-49,402,140,262,399,3,0
2021-01-05,ABR,50-59,458,152,306,456,2,0
2021-01-05,ABR,60-69,295,161,134,293,2,0
2021-01-05,ABR,70-79,13,12,1,13,0,0
2021-01-05,ABR,80-89,0,0,0,0,0,0
2021-01-05,ABR,90+,0,0,0,0,0,0
2021-01-05,BAS,16-19,0,0,0,0,0,0
2021-01-05,BAS,20-29,48,18,30,48,0,0
2021-01-05,BAS,30-39,82,33,49,81,1,0
2021-01-05,BAS,40-49,187,63,124,177,10,0
2021-01-05,BAS,50-59,180,57,123,172,8,0
2021-01-05,BAS,60-69,151,91,60,141,10,0
2021-01-05,BAS,70-79,0,0,0,0,0,0
2021-01-05,BAS,80-89,0,0,0,0,0,0
2021-01-05,BAS,90+,0,0,0,0,0,0
2021-01-05,CAL,16-19,0,0,0,0,0,0
2021-01-05,CAL,20-29,78,26,52,63,15,0
2021-01-05,CAL,30-39,286,117,169,267,19,0
2021-01-05,CAL,40-49,374,147,227,346,28,0
2021-01-05,CAL,50-59,462,222,240,432,30,0
2021-01-05,CAL,60-69,364,222,142,312,52,0
2021-01-05,CAL,70-79,11,11,0,9,2,0
2021-01-05,CAL,80-89,0,0,0,0,0,0
2021-01-05,CAL,90+,0,0,0,0,0,0
2021-01-05,CAM,16-19,1,1,0,1,0,0
2021-01-05,CAM,20-29,559,215,344,535,24,0
2021-01-05,CAM,30-39,1177,562,615,1074,103,0
2021-01-05,CAM,40-49,1388,613,775,1252,136,0
2021-01-05,CAM,50-59,2181,1043,1138,1907,272,2
2021-01-05,CAM,60-69,1711,1081,630,1435,262,14
2021-01-05,CAM,70-79,94,68,26,55,13,26
2021-01-05,CAM,80-89,29,5,24,2,3,24
2021-01-05,CAM,90+,22,4,18,1,1,20
2021-01-05,EMR,16-19,5,1,4,3,2,0
2021-01-05,EMR,20-29,922,280,642,655,266,1
2021-01-05,EMR,30-39,1846,719,1127,1285,560,1
2021-01-05,EMR,40-49,1982,591,1391,1305,671,6
2021-01-05,EMR,50-59,2278,596,1682,1510,749,19
2021-01-05,EMR,60-69,1275,615,660,823,409,43
2021-01-05,EMR,70-79,227,148,79,81,55,91
2021-01-05,EMR,80-89,261,80,181,4,58,199
2021-01-05,EMR,90+,265,46,219,1,59,205
2021-01-05,FVG,16-19,0,0,0,0,0,0
2021-01-05,FVG,20-29,209,73,136,152,57,0
2021-01-05,FVG,30-39,255,84,171,231,24,0
2021-01-05,FVG,40-49,343,93,250,305,38,0
2021-01-05,FVG,50-59,377,91,286,329,48,0
2021-01-05,FVG,60-69,208,104,104,184,24,0
2021-01-05,FVG,70-79,71,43,28,39,1,31
2021-01-05,FVG,80-89,80,33,47,3,1,76
2021-01-05,FVG,90+,79,13,66,0,0,79
2021-01-05,LAZ,16-19,2,1,1,2,0,0
2021-01-05,LAZ,20-29,577,199,378,541,34,2
2021-01-05,LAZ,30-39,1146,437,709,1061,82,3
2021-01-05,LAZ,40-49,1427,463,964,1276,132,19
2021-01-05,LAZ,50-59,1918,709,1209,1705,167,46
2021-01-05,LAZ,60-69,1199,608,591,1027,92,80
2021-01-05,LAZ,70-79,140,74,66,32,16,92
2021-01-05,LAZ,80-89,222,59,163,1,25,196
2021-01-05,LAZ,90+,132,26,106,0,14,118
2021-01-05,LIG,16-19,1,1,0,1,0,0
2021-01-05,LIG,20-29,190,57,133,157,32,1
2021-01-05,LIG,30-39,382,124,258,353,29,0
2021-01-05,LIG,40-49,608,160,448,553,51,4
2021-01-05,LIG,50-59,1025,278,747,888,126,11
2021-01-05,LIG,60-69,409,198,211,332,54,23
2021-01-05,LIG,70-79,52,33,19,10,8,34
2021-01-05,LIG,80-89,106,24,82,1,12,93
2021-01-05,LIG,90+,105,17,88,0,15,90
2021-01-05,LOM,16-19,10,2,8,10,0,0
2021-01-05,LOM,20-29,775,234,541,722,53,0
2021-01-05,LOM,30-39,1458,551,907,1338,120,0
2021-01-05,LOM,40-49,1921,554,1367,1740,180,1
2021-01-05,LOM,50-59,2421,687,1734,2103,316,2
2021-01-05,LOM,60-69,845,400,445,734,96,15
2021-01-05,LOM,70-79,44,27,17,16,8,20
2021-01-05,LOM,80-89,79,23,56,0,0,79
2021-01-05,LOM,90+,83,17,66,0,0,83
2021-01-05,MAR,16-19,0,0,0,0,0,0
2021-01-05,MAR,20-29,141,51,90,134,7,0
2021-01-05,MAR,30-39,336,134,202,319,17,0
2021-01-05,MAR,40-49,394,129,265,362,32,0
2021-01-05,MAR,50-59,444,147,297,396,48,0
2021-01-05,MAR,60-69,185,94,91,156,29,0
2021-01-05,MAR,70-79,2,2,0,1,1,0
2021-01-05,MAR,80-89,0,0,0,0,0,0
2021-01-05,MAR,90+,0,0,0,0,0,0
2021-01-05,MOL,16-19,0,0,0,0,0,0
2021-01-05,MOL,20-29,17,7,10,17,0,0
2021-01-05,MOL,30-39,57,20,37,57,0,0
2021-01-05,MOL,40-49,108,36,72,104,4,0
2021-01-05,MOL,50-59,164,62,102,161,3,0
2021-01-05,MOL,60-69,101,54,47,100,1,0
2021-01-05,MOL,70-79,1,1,0,1,0,0
2021-01-05,MOL,80-89,0,0,0,0,0,0
2021-01-05,MOL,90+,0,0,0,0,0,0
2021-01-05,PAB,16-19,0,0,0,0,0,0
2021-01-05,PAB,20-29,70,18,52,63,7,0
2021-01-05,PAB,30-39,132,52,80,120,12,0
2021-01-05,PAB,40-49,255,73,182,218,37,0
2021-01-05,PAB,50-59,271,86,185,208,63,0
2021-01-05,PAB,60-69,85,54,31,70,15,0
2021-01-05,PAB,70-79,4,4,0,4,0,0
2021-01-05,PAB,80-89,0,0,0,0,0,0
2021-01-05,PAB,90+,0,0,0,0,0,0
2021-01-05,PAT,16-19,0,0,0,0,0,0
2021-01-05,PAT,20-29,61,15,46,57,3,1
2021-01-05,PAT,30-39,114,44,70,101,13,0
2021-01-05,PAT,40-49,149,54,95,140,9,0
2021-01-05,PAT,50-59,165,50,115,146,16,3
2021-01-05,PAT,60-69,58,26,32,39,8,11
2021-01-05,PAT,70-79,32,18,14,2,2,28
2021-01-05,PAT,80-89,60,17,43,0,0,60
2021-01-05,PAT,90+,55,9,46,0,1,54
2021-01-05,PIE,16-19,5,1,4,4,1,0
2021-01-05,PIE,20-29,557,184,373,495,62,0
2021-01-05,PIE,30-39,850,291,559,764,85,1
2021-01-05,PIE,40-49,1163,289,874,1024,139,0
2021-01-05,PIE,50-59,1738,409,1329,1434,297,7
2021-01-05,PIE,60-69,749,335,414,610,119,20
2021-01-05,PIE,70-79,81,50,31,15,13,53
2021-01-05,PIE,80-89,123,33,90,5,4,114
2021-01-05,PIE,90+,87,8,79,1,2,84
2021-01-05,PUG,16-19,5,3,2,2,3,0
2021-01-05,PUG,20-29,457,142,315,447,10,0
2021-01-05,PUG,30-39,992,437,555,946,45,1
2021-01-05,PUG,40-49,1307,491,816,1230,76,1
2021-01-05,PUG,50-59,1535,695,840,1404,127,4
2021-01-05,PUG,60-69,956,609,347,885,59,12
2021-01-05,PUG,70-79,54,22,32,24,6,24
2021-01-05,PUG,80-89,54,16,38,2,2,50
2021-01-05,PUG,90+,20,6,14,4,0,16
2021-01-05,SAR,16-19,0,0,0,0,0,0
2021-01-05,SAR,20-29,77,25,52,69,8,0
2021-01-05,SAR,30-39,203,74,129,197,6,0
2021-01-05,SAR,40-49,320,88,232,313,7,0
2021-01-05,SAR,50-59,435,129,306,427,8,0
2021-01-05,SAR,60-69,212,101,111,204,8,0
2021-01-05,SAR,70-79,0,0,0,0,0,0
2021-01-05,SAR,80-89,0,0,0,0,0,0
2021-01-05,SAR,90+,0,0,0,0,0,0
2021-01-05,SIC,16-19,43,21,22,29,14,0
2021-01-05,SIC,20-29,979,404,575,891,88,0
2021-01-05,SIC,30-39,1592,763,829,1425,167,0
2021-01-05,SIC,40-49,2105,928,1177,1778,324,3
2021-01-05,SIC,50-59,3013,1418,1595,2590,406,17
2021-01-05,SIC,60-69,2174,1279,895,1918,243,13
2021-01-05,SIC,70-79,163,123,40,107,26,30
2021-01-05,SIC,80-89,110,46,64,15,18,77
2021-01-05,SIC,90+,49,15,34,6,4,39
2021-01-05,TOS,16-19,17,4,13,17,0,0
2021-01-05,TOS,20-29,877,294,583,874,1,2
2021-01-05,TOS,30-39,928,344,584,923,2,3
2021-01-05,TOS,40-49,984,304,680,973,2,9
2021-01-05,TOS,50-59,1123,322,801,1100,4,19
2021-01-05,TOS,60-69,506,259,247,436,1,69
2021-01-05,TOS,70-79,168,87,81,17,0,151
2021-01-05,TOS,80-89,344,101,243,3,1,340
2021-01-05,TOS,90+,289,37,252,3,0,286
2021-01-05,UMB,16-19,0,0,0,0,0,0
2021-01-05,UMB,20-29,27,11,16,27,0,0
2021-01-05,UMB,30-39,151,61,90,151,0,0
2021-01-05,UMB,40-49,206,78,128,206,0,0
2021-01-05,UMB,50-59,208,98,110,208,0,0
2021-01-05,UMB,60-69,254,169,85,254,0,0
2021-01-05,UMB,70-79,10,8,2,10,0,0
2021-01-05,UMB,80-89,0,0,0,0,0,0
2021-01-05,UMB,90+,0,0,0,0,0,0
2021-01-05,VDA,16-19,0,0,0,0,0,0
2021-01-05,VDA,20-29,11,6,5,11,0,0
2021-01-05,VDA,30-39,22,9,13,22,0,0
2021-01-05,VDA,40-49,31,8,23,31,0,0
2021-01-05,VDA,50-59,59,19,40,59,0,0
2021-01-05,VDA,60-69,17,7,10,16,0,1
2021-01-05,VDA,70-79,4,1,3,0,0,4
2021-01-05,VDA,80-89,5,4,1,0,0,5
2021-01-05,VDA,90+,1,0,1,0,0,1
2021-01-05,VEN,16-19,4,1,3,2,2,0
2021-01-05,VEN,20-29,794,241,553,748,43,3
2021-01-05,VEN,30-39,1058,362,696,968,81,9
2021-01-05,VEN,40-49,1507,384,1123,1335,160,12
2021-01-05,VEN,50-59,2102,496,1606,1771,279,52
2021-01-05,VEN,60-69,826,415,411,655,84,87
2021-01-05,VEN,70-79,213,104,109,28,18,167
2021-01-05,VEN,80-89,409,118,291,8,2,399
2021-01-05,VEN,90+,389,52,337,1,1,387
2021-01-06,ABR,16-19,0,0,0,0,0,0
2021-01-06,ABR,20-29,162,51,111,157,5,0
2021-01-06,ABR,30-39,334,133,201,324,10,0
2021-01-06,ABR,40-49,381,119,262,373,7,1
2021-01-06,ABR,50-59,444,140,304,434,7,3
2021-01-06,ABR,60-69,267,141,126,243,4,20
2021-01-06,ABR,70-79,64,40,24,22,0,42
2021-01-06,ABR,80-89,46,16,30,1,0,45
2021-01-06,ABR,90+,22,6,16,0,0,22
2021-01-06,BAS,16-19,0,0,0,0,0,0
2021-01-06,BAS,20-29,11,2,9,11,0,0
2021-01-06,BAS,30-39,28,17,11,28,0,0
2021-01-06,BAS,40-49,51,29,22,51,0,0
2021-01-06,BAS,50-59,77,30,47,77,0,0
2021-01-06,BAS,60-69,37,24,13,37,0,0
2021-01-06,BAS,70-79,4,1,3,4,0,0
2021-01-06,BAS,80-89,4,0,4,4,0,0
2021-01-06,BAS,90+,8,1,7,8,0,0
2021-01-06,CAL,16-19,0,0,0,0,0,0
2021-01-06,CAL,20-29,62,18,44,60,2,0
2021-01-06,CAL,30-39,213,99,114,210,3,0
2021-01-06,CAL,40-49,251,107,144,235,16,0
2021-01-06,CAL,50-59,317,172,145,293,24,0
2021-01-06,CAL,60-69,218,140,78,204,14,0
2021-01-06,CAL,70-79,12,11,1,12,0,0
2021-01-06,CAL,80-89,1,0,1,0,1,0
2021-01-06,CAL,90+,0,0,0,0,0,0
2021-01-06,CAM,16-19,2,2,0,1,1,0
2021-01-06,CAM,20-29,694,260,434,624,61,9
2021-01-06,CAM,30-39,1238,554,684,1080,147,11
2021-01-06,CAM,40-49,1359,592,767,1144,202,13
2021-01-06,CAM,50-59,2027,940,1087,1675,320,32
2021-01-06,CAM,60-69,2019,1256,763,1736,249,34
2021-01-06,CAM,70-79,169,108,61,83,23,63
2021-01-06,CAM,80-89,95,32,63,6,2,87
2021-01-06,CAM,90+,58,14,44,1,2,55
2021-01-06,EMR,16-19,9,5,4,4,5,0
2021-01-06,EMR,20-29,928,275,653,637,287,4
2021-01-06,EMR,30-39,1492,585,907,1013,473,6
2021-01-06,EMR,40-49,1588,482,1106,1105,474,9
2021-01-06,EMR,50-59,2040,592,1448,1391,637,12
2021-01-06,EMR,60-69,1181,577,604,810,340,31
2021-01-06,EMR,70-79,323,244,79,164,89,70
2021-01-06,EMR,80-89,242,82,160,15,64,163
2021-01-06,EMR,90+,236,35,201,3,44,189
2021-01-06,FVG,16-19,1,0,1,0,1,0
2021-01-06,FVG,20-29,136,46,90,72,64,0
2021-01-06,FVG,30-39,114,43,71,85,29,0
2021-01-06,FVG,40-49,158,44,114,93,65,0
2021-01-06,FVG,50-59,176,63,113,101,75,0
2021-01-06,FVG,60-69,91,47,44,66,25,0
2021-01-06,FVG,70-79,29,18,11,24,5,0
2021-01-06,FVG,80-89,3,3,0,2,1,0
2021-01-06,FVG,90+,1,0,1,1,0,0
2021-01-06,LAZ,16-19,13,5,8,11,1,1
2021-01-06,LAZ,20-29,721,283,438,636,79,6
2021-01-06,LAZ,30-39,867,341,526,776,76,15
2021-01-06,LAZ,40-49,982,313,669,855,105,22
2021-01-06,LAZ,50-59,1244,420,824,1081,127,36
2021-01-06,LAZ,60-69,764,387,377,679,49,36
2021-01-06,LAZ,70-79,87,46,41,45,7,35
2021-01-06,LAZ,80-89,114,22,92,10,8,96
2021-01-06,LAZ,90+,62,12,50,5,2,55
2021-01-06,LIG,16-19,4,1,3,2,2,0
2021-01-06,LIG,20-29,145,57,88,112,33,0
2021-01-06,LIG,30-39,174,69,105,155,19,0
2021-01-06,LIG,40-49,326,91,235,288,38,0
2021-01-06,LIG,50-59,534,180,354,471,63,0
2021-01-06,LIG,60-69,266,155,111,221,43,2
2021-01-06,LIG,70-79,39,27,12,9,8,22
2021-01-06,LIG,80-89,90,21,69,2,2,86
2021-01-06,LIG,90+,77,9,68,1,0,76
2021-01-06,LOM,16-19,3,0,3,3,0,0
2021-01-06,LOM,20-29,936,333,603,816,119,1
2021-01-06,LOM,30-39,1420,570,850,1269,151,0
2021-01-06,LOM,40-49,1600,466,1134,1375,219,6
2021-01-06,LOM,50-59,2098,584,1514,1653,442,3
2021-01-06,LOM,60-69,1000,507,493,826,172,2
2021-01-06,LOM,70-79,70,45,25,37,22,11
2021-01-06,LOM,80-89,24,4,20,2,1,21
2021-01-06,LOM,90+,14,1,13,0,0,14
2021-01-06,MAR,16-19,0,0,0,0,0,0
2021-01-06,MAR,20-29,172,53,119,157,15,0
2021-01-06,MAR,30-39,363,120,243,316,47,0
2021-01-06,MAR,40-49,480,145,335,412,67,1
2021-01-06,MAR,50-59,572,169,403,461,106,5
2021-01-06,MAR,60-69,404,248,156,306,91,7
2021-01-06,MAR,70-79,45,33,12,20,7,18
2021-01-06,MAR,80-89,50,14,36,2,1,47
2021-01-06,MAR,90+,52,3,49,0,23,29
2021-01-06,MOL,16-19,1,1,0,0,1,0
2021-01-06,MOL,20-29,34,14,20,31,3,0
2021-01-06,MOL,30-39,80,36,44,76,4,0
2021-01-06,MOL,40-49,99,36,63,94,5,0
2021-01-06,MOL,50-59,154,63,91,137,17,0
2021-01-06,MOL,60-69,110,51,59,103,4,3
2021-01-06,MOL,70-79,24,10,14,2,3,19
2021-01-06,MOL,80-89,89,27,62,0,14,75
2021-01-06,MOL,90+,89,19,70,0,5,84
2021-01-06,PAB,16-19,0,0,0,0,0,0
2021-01-06,PAB,20-29,5,1,4,5,0,0
2021-01-06,PAB,30-39,11,2,9,8,3,0
2021-01-06,PAB,40-49,15,5,10,11,4,0
2021-01-06,PAB,50-59,18,6,12,10,8,0
2021-01-06,PAB,60-69,9,3,6,5,4,0
2021-01-06,PAB,70-79,2,2,0,1,1,0
2021-01-06,PAB,80-89,0,0,0,0,0,0
2021-01-06,PAB,90+,0,0,0,0,0,0
2021-01-06,PAT,16-19,0,0,0,0,0,0
2021-01-06,PAT,20-29,7,0,7,7,0,0
2021-01-06,PAT,30-39,15,7,8,15,0,0
2021-01-06,PAT,40-49,10,5,5,10,0,0
2021-01-06,PAT,50-59,8,1,7,8,0,0
2021-01-06,PAT,60-69,2,0,2,2,0,0
2021-01-06,PAT,70-79,0,0,0,0,0,0
2021-01-06,PAT,80-89,0,0,0,0,0,0
2021-01-06,PAT,90+,0,0,0,0,0,0
2021-01-06,PIE,16-19,10,1,9,3,7,0
2021-01-06,PIE,20-29,272,96,176,220,50,2
2021-01-06,PIE,30-39,434,168,266,372,62,0
2021-01-06,PIE,40-49,530,127,403,451,78,1
2021-01-06,PIE,50-59,880,244,636,742,128,10
2021-01-06,PIE,60-69,640,339,301,549,73,18
2021-01-06,PIE,70-79,92,58,34,20,26,46
2021-01-06,PIE,80-89,135,48,87,3,2,130
2021-01-06,PIE,90+,109,23,86,2,0,107
2021-01-06,PUG,16-19,0,0,0,0,0,0
2021-01-06,PUG,20-29,297,90,207,292,4,1
2021-01-06,PUG,30-39,590,251,339,576,11,3
2021-01-06,PUG,40-49,746,273,473,722,19,5
2021-01-06,PUG,50-59,989,419,570,929,29,31
2021-01-06,PUG,60-69,616,348,268,544,29,43
2021-01-06,PUG,70-79,86,38,48,23,2,61
2021-01-06,PUG,80-89,134,28,106,11,0,123
2021-01-06,PUG,90+,90,20,70,2,0,88
2021-01-06,SAR,16-19,0,0,0,0,0,0
2021-01-06,SAR,20-29,156,44,112,147,9,0
2021-01-06,SAR,30-39,323,109,214,312,11,0
2021-01-06,SAR,40-49,378,122,256,351,27,0
2021-01-06,SAR,50-59,485,145,340,442,43,0
2021-01-06,SAR,60-69,241,115,126,218,23,0
2021-01-06,SAR,70-79,3,3,0,3,0,0
2021-01-06,SAR,80-89,1,1,0,1,0,0
2021-01-06,SAR,90+,0,0,0,0,0,0
2021-01-06,SIC,16-19,13,7,6,9,4,0
2021-01-06,SIC,20-29,551,232,319,466,85,0
2021-01-06,SIC,30-39,927,438,489,803,124,0
2021-01-06,SIC,40-49,1196,561,635,1039,156,1
2021-01-06,SIC,50-59,1735,828,907,1508,227,0
2021-01-06,SIC,60-69,1600,997,603,1447,151,2
2021-01-06,SIC,70-79,178,133,45,134,42,2
2021-01-06,SIC,80-89,25,14,11,13,11,1
2021-01-06,SIC,90+,1,1,0,1,0,0
2021-01-06,TOS,16-19,17,4,13,17,0,0
2021-01-06,TOS,20-29,995,332,663,987,3,5
2021-01-06,TOS,30-39,768,269,499,760,1,7
2021-01-06,TOS,40-49,848,230,618,828,1,19
2021-01-06,TOS,50-59,974,269,705,947,3,24
2021-01-06,TOS,60-69,420,204,216,383,2,35
2021-01-06,TOS,70-79,128,69,59,39,0,89
2021-01-06,TOS,80-89,170,50,120,2,0,168
2021-01-06,TOS,90+,146,13,133,1,0,145
2021-01-06,UMB,16-19,0,0,0,0,0,0
2021-01-06,UMB,20-29,52,17,35,52,0,0
2021-01-06,UMB,30-39,160,67,93,160,0,0
2021-01-06,UMB,40-49,180,54,126,180,0,0
2021-01-06,UMB,50-59,253,65,188,253,0,0
2021-01-06,UMB,60-69,199,118,81,199,0,0
2021-01-06,UMB,70-79,2,2,0,2,0,0
2021-01-06,UMB,80-89,0,0,0,0,0,0
2021-01-06,UMB,90+,0,0,0,0,0,0
2021-01-06,VDA,16-19,7,6,1,7,0,0
2021-01-06,VDA,20-29,7,3,4,7,0,0
2021-01-06,VDA,30-39,10,7,3,10,0,0
2021-01-06,VDA,40-49,12,6,6,12,0,0
2021-01-06,VDA,50-59,9,8,1,9,0,0
2021-01-06,VDA,60-69,4,2,2,3,0,1
2021-01-06,VDA,70-79,2,1,1,0,0,2
2021-01-06,VDA,80-89,7,0,7,0,0,7
2021-01-06,VDA,90+,8,1,7,0,0,8
2021-01-06,VEN,16-19,11,5,6,7,4,0
2021-01-06,VEN,20-29,944,280,664,869,67,8
2021-01-06,VEN,30-39,1260,444,816,1141,114,5
2021-01-06,VEN,40-49,1858,458,1400,1672,168,18
2021-01-06,VEN,50-59,2405,547,1858,2084,280,41
2021-01-06,VEN,60-69,847,431,416,683,105,59
2021-01-06,VEN,70-79,174,100,74,53,16,105
2021-01-06,VEN,80-89,307,75,232,2,5,300
2021-01-06,VEN,90+,264,25,239,0,0,264
2021-01-07,ABR,16-19,0,0,0,0,0,0
2021-01-07,ABR,20-29,180,51,129,179,1,0
2021-01-07,ABR,30-39,300,96,204,298,2,0
2021-01-07,ABR,40-49,456,128,328,446,10,0
2021-01-07,ABR,50-59,512,151,361,496,16,0
2021-01-07,ABR,60-69,258,137,121,250,8,0
2021-01-07,ABR,70-79,10,9,1,10,0,0
2021-01-07,ABR,80-89,0,0,0,0,0,0
2021-01-07,ABR,90+,0,0,0,0,0,0
2021-01-07,BAS,16-19,0,0,0,0,0,0
2021-01-07,BAS,20-29,35,14,21,34,1,0
2021-01-07,BAS,30-39,72,36,36,71,0,1
2021-01-07,BAS,40-49,146,61,85,141,3,2
2021-01-07,BAS,50-59,193,91,102,190,2,1
2021-01-07,BAS,60-69,174,109,65,171,1,2
2021-01-07,BAS,70-79,11,8,3,5,1,5
2021-01-07,BAS,80-89,10,5,5,0,0,10
2021-01-07,BAS,90+,6,1,5,0,0,6
2021-01-07,CAL,16-19,0,0,0,0,0,0
2021-01-07,CAL,20-29,158,74,84,128,30,0
2021-01-07,CAL,30-39,466,220,246,434,32,0
2021-01-07,CAL,40-49,564,254,310,487,77,0
2021-01-07,CAL,50-59,943,411,532,851,92,0
2021-01-07,CAL,60-69,717,441,276,650,67,0
2021-01-07,CAL,70-79,27,25,2,26,1,0
2021-01-07,CAL,80-89,5,1,4,3,2,0
2021-01-07,CAL,90+,0,0,0,0,0,0
2021-01-07,CAM,16-19,5,3,2,5,0,0
2021-01-07,CAM,20-29,563,207,356,503,60,0
2021-01-07,CAM,30-39,1480,661,819,1297,183,0
2021-01-07,CAM,40-49,1718,652,1066,1470,245,3
2021-01-07,CAM,50-59,2614,1168,1446,2118,477,19
2021-01-07,CAM,60-69,2114,1279,835,1733,355,26
2021-01-07,CAM,70-79,203,158,45,108,19,76
2021-01-07,CAM,80-89,145,48,97,13,10,122
2021-01-07,CAM,90+,86,15,71,1,3,82
2021-01-07,EMR,16-19,6,4,2,2,4,0
2021-01-07,EMR,20-29,974,280,694,695,278,1
2021-01-07,EMR,30-39,1729,671,1058,1198,529,2
2021-01-07,EMR,40-49,2185,614,1571,1510,670,5
2021-01-07,EMR,50-59,2537,681,1856,1706,811,20
2021-01-07,EMR,60-69,1347,585,762,824,490,33
2021-01-07,EMR,70-79,384,283,101,101,159,124
2021-01-07,EMR,80-89,389,126,263,9,95,285
2021-01-07,EMR,90+,354,51,303,2,73,279
2021-01-07,FVG,16-19,2,0,2,0,2,0
2021-01-07,FVG,20-29,273,93,180,197,76,0
2021-01-07,FVG,30-39,378,131,247,325,53,0
2021-01-07,FVG,40-49,480,135,345,418,62,0
2021-01-07,FVG,50-59,561,157,404,476,83,2
2021-01-07,FVG,60-69,251,125,126,214,33,4
2021-01-07,FVG,70-79,53,41,12,30,5,18
2021-01-07,FVG,80-89,47,25,22,8,1,38
2021-01-07,FVG,90+,43,10,33,0,0,43
2021-01-07,LAZ,16-19,18,8,10,16,0,2
2021-01-07,LAZ,20-29,852,297,555,793,58,1
2021-01-07,LAZ,30-39,1312,490,822,1168,141,3
2021-01-07,LAZ,40-49,1597,508,1089,1370,212,15
2021-01-07,LAZ,50-59,1970,697,1273,1616,317,37
2021-01-07,LAZ,60-69,1174,570,604,991,120,63
2021-01-07,LAZ,70-79,179,98,81,68,17,94
2021-01-07,LAZ,80-89,207,49,158,14,21,172
2021-01-07,LAZ,90+,133,29,104,9,15,109
2021-01-07,LIG,16-19,5,3,2,1,4,0
2021-01-07,LIG,20-29,239,72,167,185,54,0
2021-01-07,LIG,30-39,414,164,250,348,65,1
2021-01-07,LIG,40-49,660,183,477,559,99,2
2021-01-07,LIG,50-59,941,287,654,761,169,11
2021-01-07,LIG,60-69,460,242,218,360,83,17
2021-01-07,LIG,70-79,107,56,51,12,23,72
2021-01-07,LIG,80-89,193,45,148,1,5,187
2021-01-07,LIG,90+,159,27,132,2,0,157
2021-01-07,LOM,16-19,10,3,7,7,3,0
2021-01-07,LOM,20-29,1116,355,761,1013,103,0
2021-01-07,LOM,30-39,1864,673,1191,1683,181,0
2021-01-07,LOM,40-49,2405,671,1734,2129,275,1
2021-01-07,LOM,50-59,3403,953,2450,2889,509,5
2021-01-07,LOM,60-69,1282,594,688,1069,190,23
2021-01-07,LOM,70-79,139,76,63,51,11,77
2021-01-07,LOM,80-89,265,56,209,2,2,261
2021-01-07,LOM,90+,233,33,200,0,0,233
2021-01-07,MAR,16-19,0,0,0,0,0,0
2021-01-07,MAR,20-29,219,73,146,201,18,0
2021-01-07,MAR,30-39,456,185,271,424,32,0
2021-01-07,MAR,40-49,505,153,352,462,43,0
2021-01-07,MAR,50-59,595,186,409,504,91,0
2021-01-07,MAR,60-69,250,121,129,215,35,0
2021-01-07,MAR,70-79,24,23,1,23,1,0
2021-01-07,MAR,80-89,0,0,0,0,0,0
2021-01-07,MAR,90+,0,0,0,0,0,0
2021-01-07,MOL,16-19,0,0,0,0,0,0
2021-01-07,MOL,20-29,26,14,12,19,7,0
2021-01-07,MOL,30-39,61,30,31,51,10,0
2021-01-07,MOL,40-49,94,32,62,80,14,0
2021-01-07,MOL,50-59,166,52,114,145,20,1
2021-01-07,MOL,60-69,104,45,59,90,6,8
2021-01-07,MOL,70-79,23,11,12,1,1,21
2021-01-07,MOL,80-89,60,16,44,0,3,57
2021-01-07,MOL,90+,60,8,52,0,1,59
2021-01-07,PAB,16-19,2,0,2,0,2,0
2021-01-07,PAB,20-29,74,31,43,55,19,0
2021-01-07,PAB,30-39,123,43,80,100,23,0
2021-01-07,PAB,40-49,222,62,160,176,46,0
2021-01-07,PAB,50-59,285,92,193,184,101,0
2021-01-07,PAB,60-69,77,42,35,56,21,0
2021-01-07,PAB,70-79,8,5,3,2,1,5
2021-01-07,PAB,80-89,16,6,10,0,0,16
2021-01-07,PAB,90+,7,4,3,0,0,7
2021-01-07,PAT,16-19,2,0,2,1,1,0
2021-01-07,PAT,20-29,109,20,89,104,5,0
2021-01-07,PAT,30-39,124,47,77,117,7,0
2021-01-07,PAT,40-49,190,52,138,175,15,0
2021-01-07,PAT,50-59,220,52,168,196,16,8
2021-01-07,PAT,60-69,83,26,57,51,6,26
2021-01-07,PAT,70-79,97,37,60,3,5,89
2021-01-07,PAT,80-89,246,56,190,1,9,236
2021-01-07,PAT,90+,200,20,180,0,6,194
2021-01-07,PIE,16-19,20,11,9,18,2,0
2021-01-07,PIE,20-29,505,166,339,449,56,0
2021-01-07,PIE,30-39,841,315,526,756,85,0
2021-01-07,PIE,40-49,1196,300,896,1022,174,0
2021-01-07,PIE,50-59,1741,475,1266,1342,398,1
2021-01-07,PIE,60-69,668,334,334,511,142,15
2021-01-07,PIE,70-79,98,64,34,29,18,51
2021-01-07,PIE,80-89,161,43,118,5,2,154
2021-01-07,PIE,90+,101,12,89,1,0,100
2021-01-07,PUG,16-19,2,2,0,2,0,0
2021-01-07,PUG,20-29,418,135,283,409,9,0
2021-01-07,PUG,30-39,896,391,505,859,37,0
2021-01-07,PUG,40-49,1217,454,763,1136,79,2
2021-01-07,PUG,50-59,1514,633,881,1412,101,1
2021-01-07,PUG,60-69,930,540,390,832,88,10
2021-01-07,PUG,70-79,64,33,31,25,0,39
2021-01-07,PUG,80-89,110,21,89,5,1,104
2021-01-07,PUG,90+,59,12,47,0,0,59
2021-01-07,SAR,16-19,1,0,1,1,0,0
2021-01-07,SAR,20-29,259,89,170,243,16,0
2021-01-07,SAR,30-39,590,216,374,520,70,0
2021-01-07,SAR,40-49,718,229,489,610,108,0
2021-01-07,SAR,50-59,1017,306,711,881,136,0
2021-01-07,SAR,60-69,476,216,260,428,48,0
2021-01-07,SAR,70-79,5,4,1,4,1,0
2021-01-07,SAR,80-89,0,0,0,0,0,0
2021-01-07,SAR,90+,0,0,0,0,0,0
2021-01-07,SIC,16-19,15,6,9,10,5,0
2021-01-07,SIC,20-29,815,321,494,718,96,1
2021-01-07,SIC,30-39,1396,610,786,1226,170,0
2021-01-07,SIC,40-49,1786,743,1043,1482,301,3
2021-01-07,SIC,50-59,2463,1095,1368,2057,396,10
2021-01-07,SIC,60-69,1852,1048,804,1626,211,15
2021-01-07,SIC,70-79,156,119,37,103,19,34
2021-01-07,SIC,80-89,110,38,72,13,5,92
2021-01-07,SIC,90+,60,9,51,1,2,57
2021-01-07,TOS,16-19,30,7,23,26,0,4
2021-01-07,TOS,20-29,988,291,697,977,1,10
2021-01-07,TOS,30-39,933,297,636,909,9,15
2021-01-07,TOS,40-49,1292,328,964,1247,5,40
2021-01-07,TOS,50-59,1605,424,1181,1523,9,73
2021-01-07,TOS,60-69,654,266,388,590,6,58
2021-01-07,TOS,70-79,93,46,47,21,0,72
2021-01-07,TOS,80-89,217,49,168,4,0,213
2021-01-07,TOS,90+,171,33,138,1,0,170
2021-01-07,UMB,16-19,0,0,0,0,0,0
2021-01-07,UMB,20-29,57,13,44,56,1,0
2021-01-07,UMB,30-39,185,56,129,185,0,0
2021-01-07,UMB,40-49,221,68,153,217,3,1
2021-01-07,UMB,50-59,360,94,266,339,1,20
2021-01-07,UMB,60-69,145,70,75,106,1,38
2021-01-07,UMB,70-79,74,35,39,3,0,71
2021-01-07,UMB,80-89,218,54,164,0,0,218
2021-01-07,UMB,90+,146,15,131,0,0,146
2021-01-07,VDA,16-19,0,0,0,0,0,0
2021-01-07,VDA,20-29,26,12,14,26,0,0
2021-01-07,VDA,30-39,50,20,30,50,0,0
2021-01-07,VDA,40-49,75,25,50,75,0,0
2021-01-07,VDA,50-59,80,24,56,79,0,1
2021-01-07,VDA,60-69,40,27,13,39,0,1
2021-01-07,VDA,70-79,6,4,2,4,0,2
2021-01-07,VDA,80-89,2,1,1,0,0,2
2021-01-07,VDA,90+,0,0,0,0,0,0
2021-01-07,VEN,16-19,5,0,5,2,3,0
2021-01-07,VEN,20-29,797,243,554,750,47,0
2021-01-07,VEN,30-39,1039,327,712,941,96,2
2021-01-07,VEN,40-49,1564,379,1185,1326,228,10
2021-01-07,VEN,50-59,2147,544,1603,1730,385,32
2021-01-07,VEN,60-69,787,354,433,583,93,111
2021-01-07,VEN,70-79,380,162,218,33,33,314
2021-01-07,VEN,80-89,769,186,583,4,32,733
2021-01-07,VEN,90+,600,60,540,2,2,596
2021-01-08,ABR,16-19,0,0,0,0,0,0
2021-01-08,ABR,20-29,140,44,96,140,0,0
2021-01-08,ABR,30-39,283,97,186,277,6,0
2021-01-08,ABR,40-49,390,119,271,382,8,0
2021-01-08,ABR,50-59,498,139,359,480,18,0
2021-01-08,ABR,60-69,308,125,183,302,6,0
2021-01-08,ABR,70-79,17,14,3,13,4,0
2021-01-08,ABR,80-89,2,1,1,2,0,0
2021-01-08,ABR,90+,0,0,0,0,0,0
2021-01-08,BAS,16-19,0,0,0,0,0,0
2021-01-08,BAS,20-29,9,4,5,8,1,0
2021-01-08,BAS,30-39,46,14,32,44,2,0
2021-01-08,BAS,40-49,63,26,37,51,11,1
2021-01-08,BAS,50-59,83,32,51,76,6,1
2021-01-08,BAS,60-69,102,59,43,96,3,3
2021-01-08,BAS,70-79,7,3,4,0,0,7
2021-01-08,BAS,80-89,16,3,13,0,0,16
2021-01-08,BAS,90+,11,2,9,0,0,11
2021-01-08,CAL,16-19,0,0,0,0,0,0
2021-01-08,CAL,20-29,56,23,33,46,10,0
2021-01-08,CAL,30-39,185,94,91,171,14,0
2021-01-08,CAL,40-49,271,111,160,237,34,0
2021-01-08,CAL,50-59,429,203,226,391,38,0
2021-01-08,CAL,60-69,324,179,145,302,22,0
2021-01-08,CAL,70-79,24,21,3,23,1,0
2021-01-08,CAL,80-89,1,1,0,1,0,0
2021-01-08,CAL,90+,0,0,0,0,0,0
2021-01-08,CAM,16-19,8,1,7,4,4,0
2021-01-08,CAM,20-29,1012,424,588,786,225,1
2021-01-08,CAM,30-39,1775,827,948,1404,371,0
2021-01-08,CAM,40-49,2255,946,1309,1700,550,5
2021-01-08,CAM,50-59,2779,1237,1542,2095,674,10
2021-01-08,CAM,60-69,2225,1327,898,1747,457,21
2021-01-08,CAM,70-79,226,162,64,124,63,39
2021-01-08,CAM,80-89,107,34,73,13,15,79
2021-01-08,CAM,90+,59,10,49,0,2,57
2021-01-08,EMR,16-19,9,5,4,3,6,0
2021-01-08,EMR,20-29,1103,336,767,730,373,0
2021-01-08,EMR,30-39,1753,625,1128,1205,547,1
2021-01-08,EMR,40-49,2198,658,1540,1516,679,3
2021-01-08,EMR,50-59,2697,695,2002,1764,913,20
2021-01-08,EMR,60-69,1500,699,801,867,573,60
2021-01-08,EMR,70-79,391,265,126,135,140,116
2021-01-08,EMR,80-89,364,111,253,12,65,287
2021-01-08,EMR,90+,328,47,281,1,62,265
2021-01-08,FVG,16-19,2,1,1,1,1,0
2021-01-08,FVG,20-29,301,100,201,188,112,1
2021-01-08,FVG,30-39,326,124,202,267,58,1
2021-01-08,FVG,40-49,452,116,336,383,69,0
2021-01-08,FVG,50-59,541,131,410,440,89,12
2021-01-08,FVG,60-69,278,146,132,226,31,21
2021-01-08,FVG,70-79,120,73,47,44,9,67
2021-01-08,FVG,80-89,153,40,113,3,0,150
2021-01-08,FVG,90+,145,15,130,0,1,144
2021-01-08,LAZ,16-19,23,5,18,21,2,0
2021-01-08,LAZ,20-29,942,344,598,874,62,6
2021-01-08,LAZ,30-39,1277,464,813,1116,153,8
2021-01-08,LAZ,40-49,1474,471,1003,1247,194,33
2021-01-08,LAZ,50-59,1775,638,1137,1472,248,55
2021-01-08,LAZ,60-69,1060,547,513,850,117,93
2021-01-08,LAZ,70-79,203,115,88,44,36,123
2021-01-08,LAZ,80-89,292,82,210,13,28,251
2021-01-08,LAZ,90+,159,19,140,0,2,157
2021-01-08,LIG,16-19,10,4,6,4,6,0
2021-01-08,LIG,20-29,232,84,148,172,59,1
2021-01-08,LIG,30-39,351,135,216,291,57,3
2021-01-08,LIG,40-49,561,188,373,457,86,18
2021-01-08,LIG,50-59,858,252,606,723,112,23
2021-01-08,LIG,60-69,423,207,216,325,82,16
2021-01-08,LIG,70-79,74,50,24,12,18,44
2021-01-08,LIG,80-89,122,36,86,2,5,115
2021-01-08,LIG,90+,106,11,95,0,0,106
2021-01-08,LOM,16-19,7,4,3,2,5,0
2021-01-08,LOM,20-29,1286,379,907,1123,163,0
2021-01-08,LOM,30-39,1994,689,1305,1765,228,1
2021-01-08,LOM,40-49,2666,728,1938,2322,342,2
2021-01-08,LOM,50-59,3679,935,2744,3139,533,7
2021-01-08,LOM,60-69,1313,631,682,1111,181,21
2021-01-08,LOM,70-79,162,106,56,82,26,54
2021-01-08,LOM,80-89,171,46,125,5,2,164
2021-01-08,LOM,90+,116,13,103,1,1,114
2021-01-08,MAR,16-19,1,0,1,0,1,0
2021-01-08,MAR,20-29,177,58,119,163,14,0
2021-01-08,MAR,30-39,334,138,196,297,33,4
2021-01-08,MAR,40-49,377,123,254,315,54,8
2021-01-08,MAR,50-59,445,133,312,350,87,8
2021-01-08,MAR,60-69,202,104,98,169,30,3
2021-01-08,MAR,70-79,32,31,1,27,4,1
2021-01-08,MAR,80-89,3,3,0,1,1,1
2021-01-08,MAR,90+,1,1,0,1,0,0
2021-01-08,MOL,16-19,1,0,1,0,1,0
2021-01-08,MOL,20-29,9,5,4,3,5,1
2021-01-08,MOL,30-39,28,11,17,20,6,2
2021-01-08,MOL,40-49,65,20,45,45,18,2
2021-01-08,MOL,50-59,120,38,82,85,31,4
2021-01-08,MOL,60-69,99,42,57,79,12,8
2021-01-08,MOL,70-79,10,3,7,2,1,7
2021-01-08,MOL,80-89,51,14,37,0,1,50
2021-01-08,MOL,90+,46,7,39,0,0,46
2021-01-08,PAB,16-19,5,1,4,0,5,0
2021-01-08,PAB,20-29,115,39,76,87,28,0
2021-01-08,PAB,30-39,193,71,122,168,25,0
2021-01-08,PAB,40-49,320,90,230,246,74,0
2021-01-08,PAB,50-59,373,120,253,241,128,4
2021-01-08,PAB,60-69,140,53,87,76,39,25
2021-01-08,PAB,70-79,69,36,33,9,1,59
2021-01-08,PAB,80-89,123,42,81,1,0,122
2021-01-08,PAB,90+,88,18,70,0,0,88
2021-01-08,PAT,16-19,1,0,1,1,0,0
2021-01-08,PAT,20-29,119,27,92,112,6,1
2021-01-08,PAT,30-39,143,49,94,122,21,0
2021-01-08,PAT,40-49,253,47,206,218,31,4
2021-01-08,PAT,50-59,319,61,258,247,61,11
2021-01-08,PAT,60-69,142,52,90,102,16,24
2021-01-08,PAT,70-79,96,41,55,11,7,78
2021-01-08,PAT,80-89,208,37,171,0,3,205
2021-01-08,PAT,90+,208,18,190,0,5,203
2021-01-08,PIE,16-19,7,6,1,6,1,0
2021-01-08,PIE,20-29,558,178,380,471,86,1
2021-01-08,PIE,30-39,890,317,573,761,127,2
2021-01-08,PIE,40-49,1225,346,879,998,222,5
2021-01-08,PIE,50-59,1703,451,1252,1275,411,17
2021-01-08,PIE,60-69,703,326,377,521,160,22
2021-01-08,PIE,70-79,125,74,51,34,17,74
2021-01-08,PIE,80-89,188,43,145,6,2,180
2021-01-08,PIE,90+,110,12,98,2,0,108
2021-01-08,PUG,16-19,1,1,0,1,0,0
2021-01-08,PUG,20-29,467,183,284,444,23,0
2021-01-08,PUG,30-39,829,324,505,767,62,0
2021-01-08,PUG,40-49,1024,384,640,939,84,1
2021-01-08,PUG,50-59,1378,539,839,1250,125,3
2021-01-08,PUG,60-69,844,464,380,782,53,9
2021-01-08,PUG,70-79,56,37,19,21,6,29
2021-01-08,PUG,80-89,106,34,72,3,0,103
2021-01-08,PUG,90+,75,18,57,1,0,74
2021-01-08,SAR,16-19,1,1,0,1,0,0
2021-01-08,SAR,20-29,295,96,199,272,23,0
2021-01-08,SAR,30-39,596,223,373,542,54,0
2021-01-08,SAR,40-49,710,232,478,624,86,0
2021-01-08,SAR,50-59,1092,385,707,982,110,0
2021-01-08,SAR,60-69,522,248,274,468,54,0
2021-01-08,SAR,70-79,24,21,3,20,4,0
2021-01-08,SAR,80-89,1,0,1,0,1,0
2021-01-08,SAR,90+,1,0,1,1,0,0
2021-01-08,SIC,16-19,13,7,6,10,3,0
2021-01-08,SIC,20-29,594,247,347,492,102,0
2021-01-08,SIC,30-39,1113,492,621,912,201,0
2021-01-08,SIC,40-49,1638,684,954,1301,336,1
2021-01-08,SIC,50-59,2258,982,1276,1810,441,7
2021-01-08,SIC,60-69,1510,843,667,1299,197,14
2021-01-08,SIC,70-79,216,156,60,143,35,38
2021-01-08,SIC,80-89,107,32,75,13,17,77
2021-01-08,SIC,90+,55,23,32,2,4,49
2021-01-08,TOS,16-19,24,6,18,24,0,0
2021-01-08,TOS,20-29,1254,379,875,1247,3,4
2021-01-08,TOS,30-39,968,285,683,943,8,17
2021-01-08,TOS,40-49,1183,271,912,1146,8,29
2021-01-08,TOS,50-59,1509,338,1171,1451,16,42
2021-01-08,TOS,60-69,570,238,332,519,4,47
2021-01-08,TOS,70-79,108,58,50,24,0,84
2021-01-08,TOS,80-89,193,46,147,5,0,188
2021-01-08,TOS,90+,140,16,124,0,0,140
2021-01-08,UMB,16-19,0,0,0,0,0,0
2021-01-08,UMB,20-29,72,22,50,72,0,0
2021-01-08,UMB,30-39,207,62,145,203,2,2
2021-01-08,UMB,40-49,220,67,153,217,1,2
2021-01-08,UMB,50-59,324,84,240,306,6,12
2021-01-08,UMB,60-69,166,70,96,154,0,12
2021-01-08,UMB,70-79,43,20,23,1,3,39
2021-01-08,UMB,80-89,93,28,65,0,0,93
2021-01-08,UMB,90+,55,12,43,0,0,55
2021-01-08,VDA,16-19,4,2,2,4,0,0
2021-01-08,VDA,20-29,32,11,21,32,0,0
2021-01-08,VDA,30-39,52,21,31,50,0,2
2021-01-08,VDA,40-49,57,21,36,56,0,1
2021-01-08,VDA,50-59,80,25,55,75,0,5
2021-01-08,VDA,60-69,36,22,14,36,0,0
2021-01-08,VDA,70-79,24,21,3,21,0,3
2021-01-08,VDA,80-89,9,5,4,1,0,8
2021-01-08,VDA,90+,5,2,3,0,0,5
2021-01-08,VEN,16-19,7,2,5,3,2,2
2021-01-08,VEN,20-29,902,286,616,766,114,22
2021-01-08,VEN,30-39,1226,393,833,1033,178,15
2021-01-08,VEN,40-49,1894,464,1430,1512,346,36
2021-01-08,VEN,50-59,2624,661,1963,1978,538,108
2021-01-08,VEN,60-69,1163,565,598,779,185,199
2021-01-08,VEN,70-79,368,182,186,62,15,291
2021-01-08,VEN,80-89,612,182,430,6,13,593
2021-01-08,VEN,90+,493,63,430,1,0,492
2021-01-09,ABR,16-19,0,0,0,0,0,0
2021-01-09,ABR,20-29,115,33,82,111,4,0
2021-01-09,ABR,30-39,242,86,156,238,4,0
2021-01-09,ABR,40-49,295,68,227,275,20,0
2021-01-09,ABR,50-59,393,122,271,373,20,0
2021-01-09,ABR,60-69,426,244,182,419,7,0
2021-01-09,ABR,70-79,12,12,0,12,0,0
2021-01-09,ABR,80-89,0,0,0,0,0,0
2021-01-09,ABR,90+,0,0,0,0,0,0
2021-01-09,BAS,16-19,0,0,0,0,0,0
2021-01-09,BAS,20-29,17,4,13,16,1,0
2021-01-09,BAS,30-39,70,22,48,65,5,0
2021-01-09,BAS,40-49,106,33,73,96,7,3
2021-01-09,BAS,50-59,135,46,89,115,10,10
2021-01-09,BAS,60-69,88,42,46,75,3,10
2021-01-09,BAS,70-79,7,4,3,0,0,7
2021-01-09,BAS,80-89,24,10,14,0,0,24
2021-01-09,BAS,90+,15,3,12,0,0,15
2021-01-09,CAL,16-19,0,0,0,0,0,0
2021-01-09,CAL,20-29,92,39,53,82,10,0
2021-01-09,CAL,30-39,245,122,123,218,27,0
2021-01-09,CAL,40-49,340,152,188,272,68,0
2021-01-09,CAL,50-59,597,279,318,494,103,0
2021-01-09,CAL,60-69,493,290,203,464,29,0
2021-01-09,CAL,70-79,12,12,0,9,3,0
2021-01-09,CAL,80-89,2,2,0,1,1,0
2021-01-09,CAL,90+,0,0,0,0,0,0
2021-01-09,CAM,16-19,8,4,4,4,4,0
2021-01-09,CAM,20-29,1003,361,642,832,171,0
2021-01-09,CAM,30-39,1953,889,1064,1576,377,0
2021-01-09,CAM,40-49,2078,874,1204,1618,452,8
2021-01-09,CAM,50-59,2713,1173,1540,2142,547,24
2021-01-09,CAM,60-69,2284,1419,865,1920,324,40
2021-01-09,CAM,70-79,286,222,64,195,48,43
2021-01-09,CAM,80-89,129,48,81,21,13,95
2021-01-09,CAM,90+,61,13,48,1,1,59
2021-01-09,EMR,16-19,14,6,8,5,9,0
2021-01-09,EMR,20-29,1019,330,689,688,331,0
2021-01-09,EMR,30-39,1488,522,966,1058,429,1
2021-01-09,EMR,40-49,1812,534,1278,1246,556,10
2021-01-09,EMR,50-59,2274,653,1621,1444,800,30
2021-01-09,EMR,60-69,1422,655,767,924,465,33
2021-01-09,EMR,70-79,370,272,98,156,142,72
2021-01-09,EMR,80-89,308,109,199,17,74,217
2021-01-09,EMR,90+,295,40,255,1,80,214
2021-01-09,FVG,16-19,13,4,9,2,11,0
2021-01-09,FVG,20-29,441,147,294,180,260,1
2021-01-09,FVG,30-39,279,93,186,208,70,1
2021-01-09,FVG,40-49,410,104,306,297,108,5
2021-01-09,FVG,50-59,527,156,371,338,157,32
2021-01-09,FVG,60-69,303,147,156,188,46,69
2021-01-09,FVG,70-79,174,106,68,44,8,122
2021-01-09,FVG,80-89,206,56,150,2,3,201
2021-01-09,FVG,90+,159,26,133,1,0,158
2021-01-09,LAZ,16-19,20,11,9,11,8,1
2021-01-09,LAZ,20-29,839,323,516,713,116,10
2021-01-09,LAZ,30-39,1030,390,640,859,149,22
2021-01-09,LAZ,40-49,1081,422,659,838,182,61
2021-01-09,LAZ,50-59,1422,535,887,1082,269,71
2021-01-09,LAZ,60-69,1003,511,492,804,135,64
2021-01-09,LAZ,70-79,210,112,98,59,66,85
2021-01-09,LAZ,80-89,272,97,175,8,45,219
2021-01-09,LAZ,90+,161,29,132,1,1,159
2021-01-09,LIG,16-19,6,2,4,2,4,0
2021-01-09,LIG,20-29,118,44,74,74,44,0
2021-01-09,LIG,30-39,162,60,102,116,46,0
2021-01-09,LIG,40-49,211,71,140,163,46,2
2021-01-09,LIG,50-59,387,112,275,303,79,5
2021-01-09,LIG,60-69,267,139,128,196,49,22
2021-01-09,LIG,70-79,56,30,26,4,17,35
2021-01-09,LIG,80-89,65,18,47,0,1,64
2021-01-09,LIG,90+,60,4,56,0,1,59
2021-01-09,LOM,16-19,32,9,23,10,22,0
2021-01-09,LOM,20-29,1441,483,958,1145,293,3
2021-01-09,LOM,30-39,2032,773,1259,1651,374,7
2021-01-09,LOM,40-49,2524,766,1758,1998,504,22
2021-01-09,LOM,50-59,3591,1162,2429,2755,819,17
2021-01-09,LOM,60-69,1944,1022,922,1526,402,16
2021-01-09,LOM,70-79,247,174,73,142,87,18
2021-01-09,LOM,80-89,114,23,91,7,11,96
2021-01-09,LOM,90+,61,10,51,0,4,57
2021-01-09,MAR,16-19,2,2,0,2,0,0
2021-01-09,MAR,20-29,181,59,122,150,31,0
2021-01-09,MAR,30-39,237,87,150,209,28,0
2021-01-09,MAR,40-49,379,109,270,321,58,0
2021-01-09,MAR,50-59,493,140,353,394,99,0
2021-01-09,MAR,60-69,380,179,201,338,42,0
2021-01-09,MAR,70-79,38,30,8,37,1,0
2021-01-09,MAR,80-89,1,1,0,1,0,0
2021-01-09,MAR,90+,0,0,0,0,0,0
2021-01-09,MOL,16-19,0,0,0,0,0,0
2021-01-09,MOL,20-29,12,4,8,7,5,0
2021-01-09,MOL,30-39,30,10,20,24,5,1
2021-01-09,MOL,40-49,51,15,36,40,10,1
2021-01-09,MOL,50-59,120,41,79,87,27,6
2021-01-09,MOL,60-69,58,27,31,38,9,11
2021-01-09,MOL,70-79,8,2,6,0,0,8
2021-01-09,MOL,80-89,47,14,33,1,0,46
2021-01-09,MOL,90+,123,39,84,17,1,105
2021-01-09,PAB,16-19,1,0,1,0,1,0
2021-01-09,PAB,20-29,22,10,12,6,16,0
2021-01-09,PAB,30-39,51,25,26,13,37,1
2021-01-09,PAB,40-49,40,15,25,13,20,7
2021-01-09,PAB,50-59,65,33,32,19,43,3
2021-01-09,PAB,60-69,43,29,14,3,28,12
2021-01-09,PAB,70-79,29,10,19,1,1,27
2021-01-09,PAB,80-89,37,13,24,0,1,36
2021-01-09,PAB,90+,22,4,18,0,0,22
2021-01-09,PAT,16-19,0,0,0,0,0,0
2021-01-09,PAT,20-29,11,2,9,11,0,0
2021-01-09,PAT,30-39,20,7,13,16,3,1
2021-01-09,PAT,40-49,44,9,35,38,5,1
2021-01-09,PAT,50-59,66,7,59,61,3,2
2021-01-09,PAT,60-69,16,7,9,14,2,0
2021-01-09,PAT,70-79,10,8,2,3,0,7
2021-01-09,PAT,80-89,3,0,3,0,0,3
2021-01-09,PAT,90+,16,0,16,0,0,16
2021-01-09,PIE,16-19,37,18,19,32,5,0
2021-01-09,PIE,20-29,782,238,544,674,108,0
2021-01-09,PIE,30-39,863,311,552,722,141,0
2021-01-09,PIE,40-49,1145,342,803,904,237,4
2021-01-09,PIE,50-59,1646,502,1144,1247,391,8
2021-01-09,PIE,60-69,985,508,477,769,188,28
2021-01-09,PIE,70-79,239,152,87,117,41,81
2021-01-09,PIE,80-89,250,69,181,8,11,231
2021-01-09,PIE,90+,193,28,165,1,1,191
2021-01-09,PUG,16-19,3,2,1,1,2,0
2021-01-09,PUG,20-29,463,153,310,451,12,0
2021-01-09,PUG,30-39,723,279,444,700,20,3
2021-01-09,PUG,40-49,954,370,584,894,48,12
2021-01-09,PUG,50-59,1284,541,743,1208,63,13
2021-01-09,PUG,60-69,1311,867,444,1239,39,33
2021-01-09,PUG,70-79,98,54,44,27,1,70
2021-01-09,PUG,80-89,126,51,75,5,0,121
2021-01-09,PUG,90+,99,20,79,4,0,95
2021-01-09,SAR,16-19,2,1,1,1,1,0
2021-01-09,SAR,20-29,302,87,215,267,35,0
2021-01-09,SAR,30-39,654,232,422,531,123,0
2021-01-09,SAR,40-49,940,288,652,714,226,0
2021-01-09,SAR,50-59,1322,423,899,1039,283,0
2021-01-09,SAR,60-69,764,363,401,628,136,0
2021-01-09,SAR,70-79,13,10,3,11,2,0
2021-01-09,SAR,80-89,3,2,1,0,3,0
2021-01-09,SAR,90+,1,0,1,1,0,0
2021-01-09,SIC,16-19,13,9,4,9,4,0
2021-01-09,SIC,20-29,695,297,398,534,160,1
2021-01-09,SIC,30-39,1068,492,576,783,285,0
2021-01-09,SIC,40-49,1400,598,802,968,427,5
2021-01-09,SIC,50-59,1746,779,967,1251,485,10
2021-01-09,SIC,60-69,1254,722,532,967,251,36
2021-01-09,SIC,70-79,233,162,71,142,48,43
2021-01-09,SIC,80-89,192,62,130,15,33,144
2021-01-09,SIC,90+,107,23,84,6,16,85
2021-01-09,TOS,16-19,77,20,57,74,3,0
2021-01-09,TOS,20-29,840,257,583,817,19,4
2021-01-09,TOS,30-39,645,243,402,602,26,17
2021-01-09,TOS,40-49,799,214,585,731,38,30
2021-01-09,TOS,50-59,892,257,635,809,28,55
2021-01-09,TOS,60-69,782,442,340,692,24,66
2021-01-09,TOS,70-79,134,85,49,49,6,79
2021-01-09,TOS,80-89,171,55,116,4,0,167
2021-01-09,TOS,90+,140,21,119,0,0,140
2021-01-09,UMB,16-19,0,0,0,0,0,0
2021-01-09,UMB,20-29,73,24,49,73,0,0
2021-01-09,UMB,30-39,188,61,127,181,2,5
2021-01-09,UMB,40-49,223,64,159,210,1,12
2021-01-09,UMB,50-59,317,73,244,300,3,14
2021-01-09,UMB,60-69,197,92,105,126,3,68
2021-01-09,UMB,70-79,141,54,87,3,5,133
2021-01-09,UMB,80-89,343,84,259,1,0,342
2021-01-09,UMB,90+,191,27,164,0,0,191
2021-01-09,VDA,16-19,4,4,0,4,0,0
2021-01-09,VDA,20-29,42,17,25,42,0,0
2021-01-09,VDA,30-39,53,19,34,53,0,0
2021-01-09,VDA,40-49,101,39,62,96,0,5
2021-01-09,VDA,50-59,140,58,82,138,0,2
2021-01-09,VDA,60-69,59,37,22,57,0,2
2021-01-09,VDA,70-79,30,23,7,24,0,6
2021-01-09,VDA,80-89,7,1,6,0,0,7
2021-01-09,VDA,90+,7,1,6,0,0,7
2021-01-09,VEN,16-19,12,6,6,1,10,1
2021-01-09,VEN,20-29,766,253,513,648,113,5
2021-01-09,VEN,30-39,998,353,645,799,185,14
2021-01-09,VEN,40-49,1492,362,1130,1134,333,25
2021-01-09,VEN,50-59,2073,533,1540,1582,396,95
2021-01-09,VEN,60-69,1163,611,552,840,172,151
2021-01-09,VEN,70-79,356,185,171,38,54,264
2021-01-09,VEN,80-89,589,152,437,6,20,563
2021-01-09,VEN,90+,427,57,370,3,7,417
2021-01-10,ABR,16-19,4,0,4,3,1,0
2021-01-10,ABR,20-29,106,36,70,104,2,0
2021-01-10,ABR,30-39,192,69,123,190,2,0
2021-01-10,ABR,40-49,246,66,180,234,12,0
2021-01-10,ABR,50-59,344,107,237,333,11,0
2021-01-10,ABR,60-69,227,122,105,215,12,0
2021-01-10,ABR,70-79,2,1,1,2,0,0
2021-01-10,ABR,80-89,2,2,0,2,0,0
2021-01-10,ABR,90+,0,0,0,0,0,0
2021-01-10,CAL,16-19,0,0,0,0,0,0
2021-01-10,CAL,20-29,62,24,38,54,8,0
2021-01-10,CAL,30-39,139,62,77,109,30,0
2021-01-10,CAL,40-49,220,104,116,156,64,0
2021-01-10,CAL,50-59,353,169,184,244,109,0
2021-01-10,CAL,60-69,299,185,114,241,58,0
2021-01-10,CAL,70-79,17,16,1,17,0,0
2021-01-10,CAL,80-89,5,5,0,5,0,0
2021-01-10,CAL,90+,1,1,0,0,1,0
2021-01-10,CAM,16-19,4,3,1,1,3,0
2021-01-10,CAM,20-29,863,340,523,737,126,0
2021-01-10,CAM,30-39,1728,732,996,1453,274,1
2021-01-10,CAM,40-49,1622,644,978,1326,294,2
2021-01-10,CAM,50-59,2028,873,1155,1618,409,1
2021-01-10,CAM,60-69,1560,938,622,1309,244,7
2021-01-10,CAM,70-79,228,172,56,163,50,15
2021-01-10,CAM,80-89,70,19,51,9,11,50
2021-01-10,CAM,90+,38,8,30,1,2,35
2021-01-10,EMR,16-19,24,9,15,8,16,0
2021-01-10,EMR,20-29,1110,350,760,774,336,0
2021-01-10,EMR,30-39,1049,408,641,689,359,1
2021-01-10,EMR,40-49,1194,419,775,749,440,5
2021-01-10,EMR,50-59,1469,443,1026,873,587,9
2021-01-10,EMR,60-69,900,441,459,511,365,24
2021-01-10,EMR,70-79,361,264,97,140,182,39
2021-01-10,EMR,80-89,212,78,134,15,75,122
2021-01-10,EMR,90+,200,35,165,3,51,146
2021-01-10,FVG,16-19,15,7,8,3,12,0
2021-01-10,FVG,20-29,484,162,322,187,297,0
2021-01-10,FVG,30-39,458,140,318,296,159,3
2021-01-10,FVG,40-49,638,154,484,374,260,4
2021-01-10,FVG,50-59,721,204,517,407,305,9
2021-01-10,FVG,60-69,325,124,201,183,124,18
2021-01-10,FVG,70-79,116,72,44,46,28,42
2021-01-10,FVG,80-89,103,43,60,4,1,98
2021-01-10,FVG,90+,70,11,59,1,0,69
2021-01-10,LAZ,16-19,43,23,20,25,10,8
2021-01-10,LAZ,20-29,724,271,453,586,113,25
2021-01-10,LAZ,30-39,681,280,401,504,174,3
2021-01-10,LAZ,40-49,650,201,449,457,193,0
2021-01-10,LAZ,50-59,813,331,482,616,193,4
2021-01-10,LAZ,60-69,708,401,307,604,74,30
2021-01-10,LAZ,70-79,88,49,39,34,9,45
2021-01-10,LAZ,80-89,95,32,63,4,3,88
2021-01-10,LAZ,90+,42,11,31,0,0,42
2021-01-10,LIG,16-19,9,6,3,1,8,0
2021-01-10,LIG,20-29,96,53,43,30,66,0
2021-01-10,LIG,30-39,84,39,45,52,32,0
2021-01-10,LIG,40-49,109,52,57,57,52,0
2021-01-10,LIG,50-59,241,100,141,130,110,1
2021-01-10,LIG,60-69,145,89,56,69,71,5
2021-01-10,LIG,70-79,58,33,25,4,27,27
2021-01-10,LIG,80-89,67,13,54,0,3,64
2021-01-10,LIG,90+,46,13,33,0,2,44
2021-01-10,LOM,16-19,72,25,47,44,28,0
2021-01-10,LOM,20-29,1524,540,984,1188,336,0
2021-01-10,LOM,30-39,1764,680,1084,1371,393,0
2021-01-10,LOM,40-49,2211,718,1493,1654,557,0
2021-01-10,LOM,50-59,3033,976,2057,2307,726,0
2021-01-10,LOM,60-69,1773,932,841,1402,371,0
2021-01-10,LOM,70-79,238,166,72,153,85,0
2021-01-10,LOM,80-89,18,7,11,7,7,4
2021-01-10,LOM,90+,4,0,4,1,1,2
2021-01-10,MAR,16-19,4,2,2,4,0,0
2021-01-10,MAR,20-29,155,55,100,138,14,3
2021-01-10,MAR,30-39,274,99,175,246,27,1
2021-01-10,MAR,40-49,420,138,282,353,64,3
2021-01-10,MAR,50-59,526,185,341,409,115,2
2021-01-10,MAR,60-69,346,195,151,313,33,0
2021-01-10,MAR,70-79,33,29,4,33,0,0
2021-01-10,MAR,80-89,2,2,0,2,0,0
2021-01-10,MAR,90+,0,0,0,0,0,0
2021-01-10,MOL,16-19,0,0,0,0,0,0
2021-01-10,MOL,20-29,1,0,1,1,0,0
2021-01-10,MOL,30-39,12,3,9,10,2,0
2021-01-10,MOL,40-49,15,3,12,9,3,3
2021-01-10,MOL,50-59,25,11,14,15,4,6
2021-01-10,MOL,60-69,20,9,11,7,2,11
2021-01-10,MOL,70-79,23,4,19,2,0,21
2021-01-10,MOL,80-89,67,11,56,0,0,67
2021-01-10,MOL,90+,106,31,75,38,8,60
2021-01-10,PAT,16-19,0,0,0,0,0,0
2021-01-10,PAT,20-29,10,2,8,9,1,0
2021-01-10,PAT,30-39,6,3,3,4,2,0
2021-01-10,PAT,40-49,18,5,13,12,6,0
2021-01-10,PAT,50-59,28,6,22,20,8,0
2021-01-10,PAT,60-69,8,2,6,7,1,0
2021-01-10,PAT,70-79,0,0,0,0,0,0
2021-01-10,PAT,80-89,2,0,2,0,0,2
2021-01-10,PAT,90+,6,0,6,0,0,6
2021-01-10,PIE,16-19,68,32,36,65,3,0
2021-01-10,PIE,20-29,899,342,557,826,73,0
2021-01-10,PIE,30-39,708,322,386,593,114,1
2021-01-10,PIE,40-49,976,354,622,756,211,9
2021-01-10,PIE,50-59,1103,467,636,844,242,17
2021-01-10,PIE,60-69,712,443,269,578,105,29
2021-01-10,PIE,70-79,309,212,97,201,30,78
2021-01-10,PIE,80-89,226,67,159,15,4,207
2021-01-10,PIE,90+,170,27,143,1,0,169
2021-01-10,PUG,16-19,15,5,10,1,0,14
2021-01-10,PUG,20-29,227,88,139,196,9,22
2021-01-10,PUG,30-39,376,148,228,325,26,25
2021-01-10,PUG,40-49,449,178,271,406,30,13
2021-01-10,PUG,50-59,604,269,335,552,44,8
2021-01-10,PUG,60-69,409,258,151,386,20,3
2021-01-10,PUG,70-79,17,12,5,6,0,11
2021-01-10,PUG,80-89,28,10,18,2,0,26
2021-01-10,PUG,90+,18,5,13,0,0,18
2021-01-10,SAR,16-19,3,1,2,3,0,0
2021-01-10,SAR,20-29,206,83,123,180,26,0
2021-01-10,SAR,30-39,342,119,223,283,59,0
2021-01-10,SAR,40-49,514,157,357,356,158,0
2021-01-10,SAR,50-59,690,198,492,514,176,0
2021-01-10,SAR,60-69,411,184,227,338,73,0
2021-01-10,SAR,70-79,5,3,2,4,1,0
2021-01-10,SAR,80-89,2,1,1,0,2,0
2021-01-10,SAR,90+,0,0,0,0,0,0
2021-01-10,SIC,16-19,19,13,6,4,15,0
2021-01-10,SIC,20-29,299,151,148,202,96,1
2021-01-10,SIC,30-39,438,227,211,295,143,0
2021-01-10,SIC,40-49,595,216,379,344,246,5
2021-01-10,SIC,50-59,656,252,404,395,247,14
2021-01-10,SIC,60-69,472,255,217,337,116,19
2021-01-10,SIC,70-79,148,92,56,60,34,54
2021-01-10,SIC,80-89,295,106,189,5,84,206
2021-01-10,SIC,90+,151,38,113,0,13,138
2021-01-10,TOS,16-19,28,13,15,25,1,2
2021-01-10,TOS,20-29,451,155,296,423,24,4
2021-01-10,TOS,30-39,424,172,252,392,23,9
2021-01-10,TOS,40-49,501,149,352,464,21,16
2021-01-10,TOS,50-59,665,192,473,602,30,33
2021-01-10,TOS,60-69,524,300,224,472,20,32
2021-01-10,TOS,70-79,91,58,33,47,8,36
2021-01-10,TOS,80-89,130,34,96,5,7,118
2021-01-10,TOS,90+,96,11,85,0,3,93
2021-01-10,UMB,16-19,0,0,0,0,0,0
2021-01-10,UMB,20-29,49,14,35,49,0,0
2021-01-10,UMB,30-39,162,43,119,162,0,0
2021-01-10,UMB,40-49,178,50,128,178,0,0
2021-01-10,UMB,50-59,255,57,198,250,1,4
2021-01-10,UMB,60-69,111,43,68,99,0,12
2021-01-10,UMB,70-79,46,14,32,1,0,45
2021-01-10,UMB,80-89,109,39,70,0,0,109
2021-01-10,UMB,90+,73,11,62,0,0,73
2021-01-10,VDA,16-19,0,0,0,0,0,0
2021-01-10,VDA,20-29,19,4,15,19,0,0
2021-01-10,VDA,30-39,43,11,32,43,0,0
2021-01-10,VDA,40-49,51,15,36,51,0,0
2021-01-10,VDA,50-59,62,18,44,62,0,0
2021-01-10,VDA,60-69,29,15,14,23,0,6
2021-01-10,VDA,70-79,10,5,5,2,0,8
2021-01-10,VDA,80-89,4,2,2,0,0,4
2021-01-10,VDA,90+,2,1,1,0,0,2
2021-01-10,VEN,16-19,21,9,12,8,11,2
2021-01-10,VEN,20-29,604,205,399,507,96,1
2021-01-10,VEN,30-39,702,245,457,540,161,1
2021-01-10,VEN,40-49,985,254,731,724,260,1
2021-01-10,VEN,50-59,1515,453,1062,1056,455,4
2021-01-10,VEN,60-69,724,344,380,495,201,28
2021-01-10,VEN,70-79,144,83,61,45,40,59
2021-01-10,VEN,80-89,184,52,132,45,2,137
2021-01-10,VEN,90+,120,11,109,22,0,98
2021-01-11,ABR,16-19,3,2,1,3,0,0
2021-01-11,ABR,20-29,129,47,82,127,2,0
2021-01-11,ABR,30-39,283,112,171,263,20,0
2021-01-11,ABR,40-49,325,103,222,303,22,0
2021-01-11,ABR,50-59,442,113,329,386,56,0
2021-01-11,ABR,60-69,265,129,136,242,21,2
2021-01-11,ABR,70-79,30,27,3,25,2,3
2021-01-11,ABR,80-89,20,4,16,2,1,17
2021-01-11,ABR,90+,10,2,8,0,0,10
2021-01-11,BAS,16-19,0,0,0,0,0,0
2021-01-11,BAS,20-29,12,5,7,3,1,8
2021-01-11,BAS,30-39,13,4,9,8,1,4
2021-01-11,BAS,40-49,28,5,23,21,0,7
2021-01-11,BAS,50-59,47,12,35,34,3,10
2021-01-11,BAS,60-69,31,15,16,28,1,2
2021-01-11,BAS,70-79,2,1,1,0,0,2
2021-01-11,BAS,80-89,14,5,9,0,0,14
2021-01-11,BAS,90+,13,2,11,0,0,13
2021-01-11,CAL,16-19,2,2,0,1,0,1
2021-01-11,CAL,20-29,80,38,42,65,15,0
2021-01-11,CAL,30-39,179,91,88,151,28,0
2021-01-11,CAL,40-49,291,114,177,233,58,0
2021-01-11,CAL,50-59,430,199,231,332,97,1
2021-01-11,CAL,60-69,489,301,188,417,69,3
2021-01-11,CAL,70-79,37,29,8,26,3,8
2021-01-11,CAL,80-89,27,14,13,5,0,22
2021-01-11,CAL,90+,9,3,6,0,0,9
2021-01-11,CAM,16-19,4,2,2,3,1,0
2021-01-11,CAM,20-29,285,115,170,202,83,0
2021-01-11,CAM,30-39,579,226,353,426,153,0
2021-01-11,CAM,40-49,711,271,440,461,249,1
2021-01-11,CAM,50-59,1145,471,674,771,373,1
2021-01-11,CAM,60-69,975,586,389,720,245,10
2021-01-11,CAM,70-79,136,105,31,81,29,26
2021-01-11,CAM,80-89,75,23,52,2,8,65
2021-01-11,CAM,90+,57,9,48,0,6,51
2021-01-11,EMR,16-19,9,4,5,1,8,0
2021-01-11,EMR,20-29,911,282,629,600,301,10
2021-01-11,EMR,30-39,1356,535,821,889,450,17
2021-01-11,EMR,40-49,1656,518,1138,1017,620,19
2021-01-11,EMR,50-59,2104,603,1501,1261,814,29
2021-01-11,EMR,60-69,1348,621,727,751,533,64
2021-01-11,EMR,70-79,455,321,134,142,212,101
2021-01-11,EMR,80-89,369,110,259,17,67,285
2021-01-11,EMR,90+,359,56,303,4,37,318
2021-01-11,FVG,16-19,5,1,4,1,4,0
2021-01-11,FVG,20-29,332,106,226,158,173,1
2021-01-11,FVG,30-39,299,98,201,231,68,0
2021-01-11,FVG,40-49,387,96,291,301,86,0
2021-01-11,FVG,50-59,488,130,358,367,121,0
2021-01-11,FVG,60-69,244,121,123,195,49,0
2021-01-11,FVG,70-79,48,34,14,38,10,0
2021-01-11,FVG,80-89,6,2,4,4,2,0
2021-01-11,FVG,90+,0,0,0,0,0,0
2021-01-11,LAZ,16-19,25,5,20,21,4,0
2021-01-11,LAZ,20-29,737,265,472,597,137,3
2021-01-11,LAZ,30-39,845,318,527,712,125,8
2021-01-11,LAZ,40-49,1116,359,757,918,186,12
2021-01-11,LAZ,50-59,1342,466,876,1104,206,32
2021-01-11,LAZ,60-69,850,435,415,692,117,41
2021-01-11,LAZ,70-79,183,105,78,46,21,116
2021-01-11,LAZ,80-89,220,73,147,6,30,184
2021-01-11,LAZ,90+,124,24,100,0,1,123
2021-01-11,LIG,16-19,10,6,4,3,7,0
2021-01-11,LIG,20-29,187,81,106,125,62,0
2021-01-11,LIG,30-39,279,107,172,217,61,1
2021-01-11,LIG,40-49,452,162,290,364,87,1
2021-01-11,LIG,50-59,857,268,589,702,147,8
2021-01-11,LIG,60-69,398,200,198,283,103,12
2021-01-11,LIG,70-79,80,54,26,14,44,22
2021-01-11,LIG,80-89,85,25,60,0,8,77
2021-01-11,LIG,90+,72,9,63,1,0,71
2021-01-11,LOM,16-19,33,14,19,20,13,0
2021-01-11,LOM,20-29,1862,587,1275,1434,420,8
2021-01-11,LOM,30-39,2458,930,1528,2043,405,10
2021-01-11,LOM,40-49,3402,1023,2379,2742,652,8
2021-01-11,LOM,50-59,4591,1323,3268,3471,1112,8
2021-01-11,LOM,60-69,1701,829,872,1244,433,24
2021-01-11,LOM,70-79,345,193,152,141,101,103
2021-01-11,LOM,80-89,315,84,231,13,12,290
2021-01-11,LOM,90+,207,35,172,0,1,206
2021-01-11,MAR,16-19,8,3,5,7,1,0
2021-01-11,MAR,20-29,107,43,64,102,5,0
2021-01-11,MAR,30-39,199,86,113,178,21,0
2021-01-11,MAR,40-49,303,72,231,251,52,0
2021-01-11,MAR,50-59,317,130,187,262,55,0
2021-01-11,MAR,60-69,165,88,77,148,17,0
2021-01-11,MAR,70-79,15,5,10,15,0,0
2021-01-11,MAR,80-89,0,0,0,0,0,0
2021-01-11,MAR,90+,0,0,0,0,0,0
2021-01-11,MOL,16-19,0,0,0,0,0,0
2021-01-11,MOL,20-29,17,8,9,3,14,0
2021-01-11,MOL,30-39,65,25,40,23,42,0
2021-01-11,MOL,40-49,97,23,74,35,61,1
2021-01-11,MOL,50-59,142,49,93,50,86,6
2021-01-11,MOL,60-69,91,36,55,51,31,9
2021-01-11,MOL,70-79,17,8,9,0,0,17
2021-01-11,MOL,80-89,44,10,34,0,0,44
2021-01-11,MOL,90+,84,35,49,28,22,34
2021-01-11,PAB,16-19,0,0,0,0,0,0
2021-01-11,PAB,20-29,101,23,78,72,29,0
2021-01-11,PAB,30-39,172,63,109,122,50,0
2021-01-11,PAB,40-49,289,53,236,211,74,4
2021-01-11,PAB,50-59,379,89,290,219,158,2
2021-01-11,PAB,60-69,116,56,60,61,38,17
2021-01-11,PAB,70-79,76,37,39,7,6,63
2021-01-11,PAB,80-89,151,46,105,1,1,149
2021-01-11,PAB,90+,112,22,90,0,0,112
2021-01-11,PAT,16-19,0,0,0,0,0,0
2021-01-11,PAT,20-29,38,8,30,35,3,0
2021-01-11,PAT,30-39,75,38,37,65,10,0
2021-01-11,PAT,40-49,95,16,79,77,17,1
2021-01-11,PAT,50-59,115,25,90,95,17,3
2021-01-11,PAT,60-69,53,19,34,34,8,11
2021-01-11,PAT,70-79,25,9,16,5,0,20
2021-01-11,PAT,80-89,40,10,30,0,0,40
2021-01-11,PAT,90+,33,3,30,0,0,33
2021-01-11,PIE,16-19,73,24,49,65,8,0
2021-01-11,PIE,20-29,1097,331,766,933,163,1
2021-01-11,PIE,30-39,1192,442,750,984,204,4
2021-01-11,PIE,40-49,1606,472,1134,1267,327,12
2021-01-11,PIE,50-59,2131,597,1534,1565,521,45
2021-01-11,PIE,60-69,1212,599,613,874,251,87
2021-01-11,PIE,70-79,508,307,201,268,56,184
2021-01-11,PIE,80-89,537,149,388,34,16,487
2021-01-11,PIE,90+,319,36,283,8,0,311
2021-01-11,PUG,16-19,5,4,1,5,0,0
2021-01-11,PUG,20-29,256,86,170,245,11,0
2021-01-11,PUG,30-39,481,209,272,449,32,0
2021-01-11,PUG,40-49,697,264,433,636,61,0
2021-01-11,PUG,50-59,924,372,552,857,65,2
2021-01-11,PUG,60-69,596,342,254,554,33,9
2021-01-11,PUG,70-79,34,21,13,17,2,15
2021-01-11,PUG,80-89,23,8,15,2,3,18
2021-01-11,PUG,90+,19,10,9,0,0,19
2021-01-11,SAR,16-19,1,0,1,0,1,0
2021-01-11,SAR,20-29,81,32,49,55,26,0
2021-01-11,SAR,30-39,203,90,113,129,74,0
2021-01-11,SAR,40-49,345,153,192,175,170,0
2021-01-11,SAR,50-59,377,154,223,207,170,0
2021-01-11,SAR,60-69,171,74,97,121,50,0
2021-01-11,SAR,70-79,1,1,0,0,1,0
2021-01-11,SAR,80-89,0,0,0,0,0,0
2021-01-11,SAR,90+,0,0,0,0,0,0
2021-01-11,SIC,16-19,45,18,27,37,8,0
2021-01-11,SIC,20-29,679,284,395,582,94,3
2021-01-11,SIC,30-39,641,297,344,470,164,7
2021-01-11,SIC,40-49,904,380,524,591,300,13
2021-01-11,SIC,50-59,1247,497,750,864,369,14
2021-01-11,SIC,60-69,777,370,407,585,166,26
2021-01-11,SIC,70-79,128,77,51,60,22,46
2021-01-11,SIC,80-89,235,98,137,8,84,143
2021-01-11,SIC,90+,84,30,54,3,13,68
2021-01-11,TOS,16-19,53,11,42,48,5,0
2021-01-11,TOS,20-29,1061,369,692,1036,22,3
2021-01-11,TOS,30-39,787,276,511,738,29,20
2021-01-11,TOS,40-49,904,244,660,826,50,28
2021-01-11,TOS,50-59,1181,320,861,1067,67,47
2021-01-11,TOS,60-69,662,322,340,591,20,51
2021-01-11,TOS,70-79,95,59,36,33,6,56
2021-01-11,TOS,80-89,142,39,103,8,3,131
2021-01-11,TOS,90+,112,10,102,1,0,111
2021-01-11,UMB,16-19,0,0,0,0,0,0
2021-01-11,UMB,20-29,48,16,32,47,1,0
2021-01-11,UMB,30-39,157,60,97,156,1,0
2021-01-11,UMB,40-49,203,43,160,199,2,2
2021-01-11,UMB,50-59,351,93,258,343,3,5
2021-01-11,UMB,60-69,156,64,92,130,4,22
2021-01-11,UMB,70-79,50,18,32,2,9,39
2021-01-11,UMB,80-89,146,33,113,0,12,134
2021-01-11,UMB,90+,95,14,81,0,1,94
2021-01-11,VDA,16-19,1,1,0,1,0,0
2021-01-11,VDA,20-29,30,14,16,30,0,0
2021-01-11,VDA,30-39,54,12,42,54,0,0
2021-01-11,VDA,40-49,70,20,50,70,0,0
2021-01-11,VDA,50-59,91,24,67,91,0,0
2021-01-11,VDA,60-69,45,24,21,42,0,3
2021-01-11,VDA,70-79,18,11,7,7,0,11
2021-01-11,VDA,80-89,11,4,7,0,0,11
2021-01-11,VDA,90+,6,2,4,0,0,6
2021-01-11,VEN,16-19,18,3,15,13,5,0
2021-01-11,VEN,20-29,506,156,350,406,84,16
2021-01-11,VEN,30-39,734,235,499,566,147,21
2021-01-11,VEN,40-49,1220,262,958,927,266,27
2021-01-11,VEN,50-59,1609,414,1195,1126,420,63
2021-01-11,VEN,60-69,706,333,373,363,243,100
2021-01-11,VEN,70-79,318,186,132,55,34,229
2021-01-11,VEN,80-89,867,252,615,8,225,634
2021-01-11,VEN,90+,505,67,438,3,32,470
2021-01-12,ABR,16-19,0,0,0,0,0,0
2021-01-12,ABR,20-29,154,65,89,138,16,0
2021-01-12,ABR,30-39,307,100,207,272,34,1
2021-01-12,ABR,40-49,470,103,367,405,60,5
2021-01-12,ABR,50-59,582,182,400,474,91,17
2021-01-12,ABR,60-69,373,162,211,318,35,20
2021-01-12,ABR,70-79,49,28,21,18,6,25
2021-01-12,ABR,80-89,22,4,18,2,0,20
2021-01-12,ABR,90+,7,0,7,0,0,7
2021-01-12,BAS,16-19,0,0,0,0,0,0
2021-01-12,BAS,20-29,3,0,3,1,2,0
2021-01-12,BAS,30-39,13,2,11,12,1,0
2021-01-12,BAS,40-49,20,5,15,20,0,0
2021-01-12,BAS,50-59,22,5,17,20,2,0
2021-01-12,BAS,60-69,13,7,6,9,1,3
2021-01-12,BAS,70-79,4,2,2,0,0,4
2021-01-12,BAS,80-89,9,0,9,0,0,9
2021-01-12,BAS,90+,6,0,6,0,0,6
2021-01-12,CAL,16-19,3,1,2,3,0,0
2021-01-12,CAL,20-29,76,29,47,69,7,0
2021-01-12,CAL,30-39,156,53,103,133,23,0
2021-01-12,CAL,40-49,172,55,117,140,32,0
2021-01-12,CAL,50-59,202,93,109,161,41,0
2021-01-12,CAL,60-69,254,189,65,231,22,1
2021-01-12,CAL,70-79,17,15,2,14,3,0
2021-01-12,CAL,80-89,17,5,12,2,0,15
2021-01-12,CAL,90+,3,0,3,0,0,3
2021-01-12,CAM,16-19,4,2,2,2,2,0
2021-01-12,CAM,20-29,706,305,401,596,104,6
2021-01-12,CAM,30-39,842,365,477,615,196,31
2021-01-12,CAM,40-49,865,358,507,623,204,38
2021-01-12,CAM,50-59,1106,496,610,769,299,38
2021-01-12,CAM,60-69,1159,706,453,888,223,48
2021-01-12,CAM,70-79,383,301,82,282,29,72
2021-01-12,CAM,80-89,149,58,91,28,5,116
2021-01-12,CAM,90+,80,17,63,1,2,77
2021-01-12,EMR,16-19,13,5,8,4,9,0
2021-01-12,EMR,20-29,793,270,523,569,222,2
2021-01-12,EMR,30-39,1136,401,735,801,334,1
2021-01-12,EMR,40-49,1478,399,1079,987,484,7
2021-01-12,EMR,50-59,1958,529,1429,1204,738,16
2021-01-12,EMR,60-69,1183,501,682,688,438,57
2021-01-12,EMR,70-79,486,309,177,169,140,177
2021-01-12,EMR,80-89,586,179,407,19,68,499
2021-01-12,EMR,90+,561,93,468,1,84,476
2021-01-12,FVG,16-19,8,1,7,0,8,0
2021-01-12,FVG,20-29,399,130,269,130,269,0
2021-01-12,FVG,30-39,303,107,196,212,88,3
2021-01-12,FVG,40-49,420,99,321,327,91,2
2021-01-12,FVG,50-59,487,131,356,349,136,2
2021-01-12,FVG,60-69,240,117,123,179,44,17
2021-01-12,FVG,70-79,113,64,49,49,4,60
2021-01-12,FVG,80-89,161,43,118,3,0,158
2021-01-12,FVG,90+,116,19,97,1,0,115
2021-01-12,LAZ,16-19,15,4,11,15,0,0
2021-01-12,LAZ,20-29,816,285,531,647,168,1
2021-01-12,LAZ,30-39,775,305,470,647,125,3
2021-01-12,LAZ,40-49,930,297,633,731,189,10
2021-01-12,LAZ,50-59,1094,375,719,862,211,21
2021-01-12,LAZ,60-69,737,362,375,572,125,40
2021-01-12,LAZ,70-79,130,66,64,26,33,71
2021-01-12,LAZ,80-89,220,68,152,2,12,206
2021-01-12,LAZ,90+,170,28,142,0,2,168
2021-01-12,LIG,16-19,3,3,0,0,3,0
2021-01-12,LIG,20-29,135,55,80,100,35,0
2021-01-12,LIG,30-39,213,88,125,182,30,1
2021-01-12,LIG,40-49,269,95,174,229,37,3
2021-01-12,LIG,50-59,445,134,311,367,64,14
2021-01-12,LIG,60-69,227,107,120,163,36,28
2021-01-12,LIG,70-79,50,21,29,7,13,30
2021-01-12,LIG,80-89,83,24,59,4,1,78
2021-01-12,LIG,90+,60,5,55,0,0,60
2021-01-12,LOM,16-19,32,10,22,23,9,0
2021-01-12,LOM,20-29,1945,655,1290,1560,384,1
2021-01-12,LOM,30-39,2696,1034,1662,2102,594,0
2021-01-12,LOM,40-49,3802,1134,2668,2907,895,0
2021-01-12,LOM,50-59,5036,1414,3622,3582,1447,7
2021-01-12,LOM,60-69,1979,949,1030,1379,556,44
2021-01-12,LOM,70-79,444,306,138,150,170,124
2021-01-12,LOM,80-89,395,108,287,14,30,351
2021-01-12,LOM,90+,321,59,262,0,0,321
2021-01-12,MAR,16-19,0,0,0,0,0,0
2021-01-12,MAR,20-29,102,34,68,91,11,0
2021-01-12,MAR,30-39,168,72,96,138,30,0
2021-01-12,MAR,40-49,229,45,184,176,53,0
2021-01-12,MAR,50-59,290,101,189,230,60,0
2021-01-12,MAR,60-69,132,62,70,105,27,0
2021-01-12,MAR,70-79,16,7,9,14,2,0
2021-01-12,MAR,80-89,1,1,0,1,0,0
2021-01-12,MAR,90+,0,0,0,0,0,0
2021-01-12,MOL,16-19,0,0,0,0,0,0
2021-01-12,MOL,20-29,22,9,13,15,7,0
2021-01-12,MOL,30-39,51,24,27,41,10,0
2021-01-12,MOL,40-49,49,17,32,28,20,1
2021-01-12,MOL,50-59,57,15,42,31,25,1
2021-01-12,MOL,60-69,28,16,12,12,9,7
2021-01-12,MOL,70-79,23,10,13,3,1,19
2021-01-12,MOL,80-89,53,11,42,0,1,52
2021-01-12,MOL,90+,53,12,41,1,2,50
2021-01-12,PAB,16-19,5,1,4,3,2,0
2021-01-12,PAB,20-29,201,37,164,180,21,0
2021-01-12,PAB,30-39,156,51,105,105,51,0
2021-01-12,PAB,40-49,222,56,166,145,77,0
2021-01-12,PAB,50-59,290,80,210,181,103,6
2021-01-12,PAB,60-69,115,50,65,53,29,33
2021-01-12,PAB,70-79,104,44,60,3,11,90
2021-01-12,PAB,80-89,177,34,143,0,7,170
2021-01-12,PAB,90+,163,22,141,0,0,163
2021-01-12,PAT,16-19,0,0,0,0,0,0
2021-01-12,PAT,20-29,33,11,22,27,6,0
2021-01-12,PAT,30-39,54,14,40,51,3,0
2021-01-12,PAT,40-49,70,22,48,62,8,0
2021-01-12,PAT,50-59,96,23,73,88,8,0
2021-01-12,PAT,60-69,35,20,15,29,1,5
2021-01-12,PAT,70-79,15,7,8,0,0,15
2021-01-12,PAT,80-89,21,8,13,0,0,21
2021-01-12,PAT,90+,25,1,24,0,0,25
2021-01-12,PIE,16-19,54,22,32,52,2,0
2021-01-12,PIE,20-29,1129,412,717,967,151,11
2021-01-12,PIE,30-39,1355,470,885,1074,279,2
2021-01-12,PIE,40-49,2010,564,1446,1493,494,23
2021-01-12,PIE,50-59,2502,657,1845,1787,669,46
2021-01-12,PIE,60-69,1318,663,655,932,278,108
2021-01-12,PIE,70-79,457,302,155,251,62,144
2021-01-12,PIE,80-89,386,107,279,29,11,346
2021-01-12,PIE,90+,243,31,212,4,0,239
2021-01-12,PUG,16-19,4,1,3,4,0,0
2021-01-12,PUG,20-29,356,121,235,351,5,0
2021-01-12,PUG,30-39,587,255,332,563,23,1
2021-01-12,PUG,40-49,758,276,482,691,63,4
2021-01-12,PUG,50-59,947,382,565,880,62,5
2021-01-12,PUG,60-69,599,332,267,549,34,16
2021-01-12,PUG,70-79,65,38,27,25,2,38
2021-01-12,PUG,80-89,62,16,46,0,1,61
2021-01-12,PUG,90+,62,17,45,0,0,62
2021-01-12,SAR,16-19,0,0,0,0,0,0
2021-01-12,SAR,20-29,86,41,45,53,33,0
2021-01-12,SAR,30-39,187,98,89,113,74,0
2021-01-12,SAR,40-49,207,99,108,116,91,0
2021-01-12,SAR,50-59,252,91,161,164,88,0
2021-01-12,SAR,60-69,127,73,54,90,37,0
2021-01-12,SAR,70-79,6,6,0,5,1,0
2021-01-12,SAR,80-89,0,0,0,0,0,0
2021-01-12,SAR,90+,0,0,0,0,0,0
2021-01-12,SIC,16-19,14,7,7,14,0,0
2021-01-12,SIC,20-29,414,193,221,361,52,1
2021-01-12,SIC,30-39,314,157,157,221,93,0
2021-01-12,SIC,40-49,477,227,250,278,196,3
2021-01-12,SIC,50-59,653,281,372,423,224,6
2021-01-12,SIC,60-69,495,273,222,373,110,12
2021-01-12,SIC,70-79,92,65,27,50,13,29
2021-01-12,SIC,80-89,92,29,63,9,4,79
2021-01-12,SIC,90+,50,14,36,2,0,48
2021-01-12,TOS,16-19,27,11,16,22,5,0
2021-01-12,TOS,20-29,626,215,411,566,58,2
2021-01-12,TOS,30-39,491,205,286,453,37,1
2021-01-12,TOS,40-49,569,190,379,507,48,14
2021-01-12,TOS,50-59,848,266,582,753,74,21
2021-01-12,TOS,60-69,590,339,251,526,44,20
2021-01-12,TOS,70-79,113,82,31,69,15,29
2021-01-12,TOS,80-89,71,18,53,5,0,66
2021-01-12,TOS,90+,82,17,65,0,0,82
2021-01-12,UMB,16-19,0,0,0,0,0,0
2021-01-12,UMB,20-29,29,11,18,13,14,2
2021-01-12,UMB,30-39,111,35,76,58,51,2
2021-01-12,UMB,40-49,137,33,104,67,66,4
2021-01-12,UMB,50-59,206,63,143,122,76,8
2021-01-12,UMB,60-69,130,49,81,68,56,6
2021-01-12,UMB,70-79,17,6,11,0,0,17
2021-01-12,UMB,80-89,65,11,54,0,0,65
2021-01-12,UMB,90+,43,6,37,0,0,43
2021-01-12,VDA,16-19,0,0,0,0,0,0
2021-01-12,VDA,20-29,28,9,19,28,0,0
2021-01-12,VDA,30-39,36,10,26,36,0,0
2021-01-12,VDA,40-49,74,14,60,74,0,0
2021-01-12,VDA,50-59,109,21,88,109,0,0
2021-01-12,VDA,60-69,41,15,26,39,0,2
2021-01-12,VDA,70-79,4,3,1,3,0,1
2021-01-12,VDA,80-89,7,0,7,0,0,7
2021-01-12,VDA,90+,2,0,2,0,0,2
2021-01-12,VEN,16-19,14,5,9,4,7,3
2021-01-12,VEN,20-29,386,129,257,278,75,33
2021-01-12,VEN,30-39,496,171,325,339,143,14
2021-01-12,VEN,40-49,810,193,617,537,236,37
2021-01-12,VEN,50-59,1154,291,863,778,331,45
2021-01-12,VEN,60-69,464,202,262,269,125,70
2021-01-12,VEN,70-79,272,128,144,24,23,225
2021-01-12,VEN,80-89,625,168,457,8,16,601
2021-01-12,VEN,90+,473,63,410,1,3,469
