data,area,nuovi_vaccinati,sesso_maschile,sesso_femminile,operatori_sanitari,personale_non_sanitario,ospiti_rsa,over80,prima_dose,seconda_dose,vaccinati_totale,sesso_maschile_totale,sesso_femminile_totale,operatori_sanitari_totale,personale_non_sanitario_totale,ospiti_rsa_totale,over80_totale,prima_dose_totale,seconda_dose_totale
2020-12-27,ABR,37,19,18,34,1,2,0,37,0,37,19,18,34,1,2,0,37,0
2021-01-02,ABR,548,218,330,540,8,0,0,548,0,585,237,348,574,9,2,0,585,0
2021-01-03,ABR,471,185,286,464,7,0,0,471,0,1056,422,634,1038,16,2,0,1056,0
2021-01-04,ABR,1401,575,826,1396,5,0,0,1401,0,2457,997,1460,2434,21,2,0,2457,0
2021-01-05,ABR,1614,604,1010,1604,10,0,0,1614,0,4071,1601,2470,4038,31,2,0,4071,0
2021-01-06,ABR,1830,664,1166,1546,151,133,0,1830,0,5901,2265,3636,5584,182,135,0,5901,0
2021-01-07,ABR,1603,552,1051,1566,37,0,0,1603,0,7504,2817,4687,7150,219,135,0,7504,0
2021-01-08,ABR,1525,507,1018,1487,38,0,0,1525,0,9029,3324,5705,8637,257,135,0,9029,0
2021-01-09,ABR,1483,565,918,1430,53,0,0,1483,0,10512,3889,6623,10067,310,135,0,10512,0
2021-01-10,ABR,1139,409,730,1091,48,0,0,1139,0,11651,4298,7353,11158,358,135,0,11651,0
2021-01-11,ABR,1551,557,994,1337,166,48,0,1551,0,13202,4855,8347,12495,524,183,0,13202,0
2021-01-12,ABR,1804,666,1138,1470,334,0,0,1804,0,15006,5521,9485,13965,858,183,0,15006,0
2021-01-13,ABR,1253,440,813,1103,150,0,0,1253,0,16259,5961,10298,15068,1008,183,0,16259,0
2021-01-14,ABR,530,189,341,364,166,0,0,530,0,16789,6150,10639,15432,1174,183,0,16789,0
2021-01-15,ABR,379,149,230,223,121,35,0,379,0,17168,6299,10869,15655,1295,218,0,17168,0
2021-01-16,ABR,587,239,348,449,123,15,0,587,0,17755,6538,11217,16104,1418,233,0,17755,0
2021-01-17,ABR,187,59,128,136,51,0,0,187,0,17942,6597,11345,16240,1469,233,0,17942,0
2021-01-18,ABR,122,48,74,106,14,2,0,46,76,18064,6645,11419,16346,1483,235,0,17988,76
2021-01-19,ABR,111,55,56,27,34,50,0,91,20,18175,6700,11475,16373,1517,285,0,18079,96
2020-12-27,BAS,105,40,65,104,1,0,0,105,0,105,40,65,104,1,0,0,105,0
2021-01-02,BAS,929,371,558,830,99,0,0,929,0,1034,411,623,934,100,0,0,1034,0
2021-01-03,BAS,895,341,554,783,112,0,0,895,0,1929,752,1177,1717,212,0,0,1929,0
2021-01-04,BAS,605,270,335,516,89,0,0,605,0,2534,1022,1512,2233,301,0,0,2534,0
2021-01-05,BAS,925,397,528,684,241,0,0,925,0,3459,1419,2040,2917,542,0,0,3459,0
2021-01-06,BAS,288,124,164,135,117,36,0,288,0,3747,1543,2204,3052,659,36,0,3747,0
2021-01-07,BAS,641,320,321,280,332,29,0,641,0,4388,1863,2525,3332,991,65,0,4388,0
2021-01-08,BAS,555,220,335,256,239,60,0,555,0,4943,2083,2860,3588,1230,125,0,4943,0
2021-01-09,BAS,556,161,395,279,210,67,0,556,0,5499,2244,3255,3867,1440,192,0,5499,0
2021-01-10,BAS,77,24,53,9,68,0,0,77,0,5576,2268,3308,3876,1508,192,0,5576,0
2021-01-11,BAS,181,64,117,77,64,40,0,181,0,5757,2332,3425,3953,1572,232,0,5757,0
2021-01-12,BAS,214,87,127,38,78,98,0,214,0,5971,2419,3552,3991,1650,330,0,5971,0
2021-01-13,BAS,913,384,529,573,192,148,0,913,0,6884,2803,4081,4564,1842,478,0,6884,0
2021-01-14,BAS,967,411,556,399,247,321,0,967,0,7851,3214,4637,4963,2089,799,0,7851,0
2021-01-15,BAS,809,347,462,449,188,172,0,809,0,8660,3561,5099,5412,2277,971,0,8660,0
2021-01-16,BAS,722,303,419,265,296,161,0,722,0,9382,3864,5518,5677,2573,1132,0,9382,0
2021-01-17,BAS,322,130,192,93,176,53,0,322,0,9704,3994,5710,5770,2749,1185,0,9704,0
2021-01-18,BAS,456,155,301,358,56,42,0,357,99,10160,4149,6011,6128,2805,1227,0,10061,99
2021-01-19,BAS,202,84,118,82,75,45,0,202,0,10362,4233,6129,6210,2880,1272,0,10263,99
2020-12-27,CAL,274,147,127,272,2,0,0,274,0,274,147,127,272,2,0,0,274,0
2020-12-28,CAL,5,2,3,5,0,0,0,5,0,279,149,130,277,2,0,0,279,0
2021-01-02,CAL,169,97,72,169,0,0,0,169,0,448,246,202,446,2,0,0,448,0
2021-01-03,CAL,5,3,2,4,1,0,0,5,0,453,249,204,450,3,0,0,453,0
2021-01-04,CAL,1088,536,552,1038,50,0,0,1088,0,1541,785,756,1488,53,0,0,1541,0
2021-01-05,CAL,1575,745,830,1429,146,0,0,1575,0,3116,1530,1586,2917,199,0,0,3116,0
2021-01-06,CAL,1074,547,527,1014,60,0,0,1074,0,4190,2077,2113,3931,259,0,0,4190,0
2021-01-07,CAL,2880,1426,1454,2579,301,0,0,2880,0,7070,3503,3567,6510,560,0,0,7070,0
2021-01-08,CAL,1290,632,658,1171,119,0,0,1290,0,8360,4135,4225,7681,679,0,0,8360,0
2021-01-09,CAL,1781,896,885,1540,241,0,0,1781,0,10141,5031,5110,9221,920,0,0,10141,0
2021-01-10,CAL,1096,566,530,826,270,0,0,1096,0,11237,5597,5640,10047,1190,0,0,11237,0
2021-01-11,CAL,1544,791,753,1230,270,44,0,1544,0,12781,6388,6393,11277,1460,44,0,12781,0
2021-01-12,CAL,1292,624,668,1089,184,19,0,1292,0,14073,7012,7061,12366,1644,63,0,14073,0
2021-01-13,CAL,1444,706,738,1231,213,0,0,1444,0,15517,7718,7799,13597,1857,63,0,15517,0
2021-01-14,CAL,1956,967,989,1579,357,20,0,1956,0,17473,8685,8788,15176,2214,83,0,17473,0
2021-01-15,CAL,1555,720,835,1235,289,31,0,1555,0,19028,9405,9623,16411,2503,114,0,19028,0
2021-01-16,CAL,1127,548,579,978,131,18,0,1127,0,20155,9953,10202,17389,2634,132,0,20155,0
2021-01-17,CAL,398,198,200,235,121,42,0,362,36,20553,10151,10402,17624,2755,174,0,20517,36
2020-12-27,CAM,720,422,298,703,17,0,0,720,0,720,422,298,703,17,0,0,720,0
2020-12-31,CAM,1487,808,679,1270,216,1,0,1487,0,2207,1230,977,1973,233,1,0,2207,0
2021-01-01,CAM,917,505,412,829,88,0,0,917,0,3124,1735,1389,2802,321,1,0,3124,0
2021-01-02,CAM,3666,1960,1706,3162,504,0,0,3666,0,6790,3695,3095,5964,825,1,0,6790,0
2021-01-03,CAM,3831,2005,1826,3187,644,0,0,3831,0,10621,5700,4921,9151,1469,1,0,10621,0
2021-01-04,CAM,5826,2962,2864,4851,975,0,0,5826,0,16447,8662,7785,14002,2444,1,0,16447,0
2021-01-05,CAM,7174,3603,3571,5769,1319,86,0,7174,0,23621,12265,11356,19771,3763,87,0,23621,0
2021-01-06,CAM,7684,3765,3919,5808,1572,304,0,7684,0,31305,16030,15275,25579,5335,391,0,31305,0
2021-01-07,CAM,8883,4154,4729,6298,2257,328,0,8883,0,40188,20184,20004,31877,7592,719,0,40188,0
2021-01-08,CAM,10455,4967,5488,6716,3527,212,0,10455,0,50643,25151,25492,38593,11119,931,0,50643,0
2021-01-09,CAM,10567,5026,5541,6761,3537,269,0,10567,0,61210,30177,31033,45354,14656,1200,0,61210,0
2021-01-10,CAM,8187,3752,4435,5187,2889,111,0,8187,0,69397,33929,35468,50541,17545,1311,0,69397,0
2021-01-11,CAM,3964,1808,2156,2374,1436,154,0,3964,0,73361,35737,37624,52915,18981,1465,0,73361,0
2021-01-12,CAM,5315,2619,2696,3452,1436,427,0,5315,0,78676,38356,40320,56367,20417,1892,0,78676,0
2021-01-13,CAM,7952,3637,4315,4334,3062,556,0,7952,0,86628,41993,44635,60701,23479,2448,0,86628,0
2021-01-14,CAM,7099,2989,4110,3693,3038,368,0,7099,0,93727,44982,48745,64394,26517,2816,0,93727,0
2021-01-15,CAM,4981,2384,2597,2746,2038,197,0,4981,0,98708,47366,51342,67140,28555,3013,0,98708,0
2021-01-16,CAM,3375,1673,1702,1360,1644,371,0,3375,0,102083,49039,53044,68500,30199,3384,0,102083,0
2021-01-17,CAM,1154,551,603,718,277,159,0,1154,0,103237,49590,53647,69218,30476,3543,0,103237,0
2021-01-18,CAM,942,399,543,575,193,174,0,699,243,104179,49989,54190,69793,30669,3717,0,103936,243
2021-01-19,CAM,1095,474,621,534,389,172,0,1092,3,105274,50463,54811,70327,31058,3889,0,105028,246
2020-12-27,EMR,964,372,592,656,282,26,0,964,0,964,372,592,656,282,26,0,964,0
2020-12-31,EMR,2093,739,1354,1473,321,299,0,2093,0,3057,1111,1946,2129,603,325,0,3057,0
2021-01-02,EMR,2268,888,1380,1949,169,150,0,2268,0,5325,1999,3326,4078,772,475,0,5325,0
2021-01-03,EMR,2725,934,1791,2363,192,170,0,2725,0,8050,2933,5117,6441,964,645,0,8050,0
2021-01-04,EMR,7200,2496,4704,5364,1311,525,0,7200,0,15250,5429,9821,11805,2275,1170,0,15250,0
2021-01-05,EMR,8983,3058,5925,6328,2066,589,0,8983,0,24233,8487,15746,18133,4341,1759,0,24233,0
2021-01-06,EMR,7961,2856,5105,5583,1884,494,0,7961,0,32194,11343,20851,23716,6225,2253,0,32194,0
2021-01-07,EMR,9647,3242,6405,6557,2359,731,0,9647,0,41841,14585,27256,30273,8584,2984,0,41841,0
2021-01-08,EMR,10105,3387,6718,6823,2576,706,0,10105,0,51946,17972,33974,37096,11160,3690,0,51946,0
2021-01-09,EMR,9147,3200,5947,6050,2599,498,0,9147,0,61093,21172,39921,43146,13759,4188,0,61093,0
2021-01-10,EMR,6809,2558,4251,4236,2265,308,0,6809,0,67902,23730,44172,47382,16024,4496,0,67902,0
2021-01-11,EMR,8824,3134,5690,4931,3044,849,0,8824,0,76726,26864,49862,52313,19068,5345,0,76726,0
2021-01-12,EMR,9123,3016,6107,4976,2722,1425,0,9123,0,85849,29880,55969,57289,21790,6770,0,85849,0
2021-01-13,EMR,8857,2876,5981,4503,2943,1411,0,8857,0,94706,32756,61950,61792,24733,8181,0,94706,0
2021-01-14,EMR,7783,2480,5303,3913,2551,1319,0,7783,0,102489,35236,67253,65705,27284,9500,0,102489,0
2021-01-15,EMR,6846,2148,4698,3737,2313,796,0,6846,0,109335,37384,71951,69442,29597,10296,0,109335,0
2021-01-16,EMR,4965,1554,3411,2769,1623,573,0,4965,0,114300,38938,75362,72211,31220,10869,0,114300,0
2021-01-17,EMR,2512,806,1706,1388,1011,113,0,2264,248,116812,39744,77068,73599,32231,10982,0,116564,248
2021-01-18,EMR,2389,710,1679,1223,726,440,0,1739,650,119201,40454,78747,74822,32957,11422,0,118303,898
2021-01-19,EMR,1106,253,853,504,128,474,0,1088,18,120307,40707,79600,75326,33085,11896,0,119391,916
2020-12-27,FVG,262,149,113,259,3,0,0,262,0,262,149,113,259,3,0,0,262,0
2020-12-30,FVG,630,246,384,601,29,0,0,630,0,892,395,497,860,32,0,0,892,0
2020-12-31,FVG,1053,384,669,1011,42,0,0,1053,0,1945,779,1166,1871,74,0,0,1945,0
2021-01-02,FVG,1217,471,746,1150,67,0,0,1217,0,3162,1250,1912,3021,141,0,0,3162,0
2021-01-03,FVG,312,122,190,285,26,1,0,312,0,3474,1372,2102,3306,167,1,0,3474,0
2021-01-04,FVG,1509,558,951,1391,118,0,0,1509,0,4983,1930,3053,4697,285,1,0,4983,0
2021-01-05,FVG,1678,549,1129,1348,133,197,0,1678,0,6661,2479,4182,6045,418,198,0,6661,0
2021-01-06,FVG,709,264,445,514,195,0,0,709,0,7370,2743,4627,6559,613,198,0,7370,0
2021-01-07,FVG,2089,718,1371,1758,221,110,0,2089,0,9459,3461,5998,8317,834,308,0,9459,0
2021-01-08,FVG,2319,746,1573,1668,255,396,0,2319,0,11778,4207,7571,9985,1089,704,0,11778,0
2021-01-09,FVG,2513,840,1673,1519,404,590,0,2513,0,14291,5047,9244,11504,1493,1294,0,14291,0
2021-01-10,FVG,2937,918,2019,1745,949,243,0,2937,0,17228,5965,11263,13249,2442,1537,0,17228,0
2021-01-11,FVG,1872,605,1267,1491,334,47,0,1872,0,19100,6570,12530,14740,2776,1584,0,19100,0
2021-01-12,FVG,2248,711,1537,1521,369,358,0,2248,0,21348,7281,14067,16261,3145,1942,0,21348,0
2021-01-13,FVG,2635,832,1803,1810,598,227,0,2635,0,23983,8113,15870,18071,3743,2169,0,23983,0
2021-01-14,FVG,2573,782,1791,1605,539,429,0,2573,0,26556,8895,17661,19676,4282,2598,0,26556,0
2021-01-15,FVG,2023,605,1418,1285,365,373,0,2023,0,28579,9500,19079,20961,4647,2971,0,28579,0
2021-01-16,FVG,1228,358,870,769,211,248,0,1228,0,29807,9858,19949,21730,4858,3219,0,29807,0
2021-01-17,FVG,1718,522,1196,673,559,486,0,1718,0,31525,10380,21145,22403,5417,3705,0,31525,0
2021-01-18,FVG,1950,605,1345,1353,491,106,0,1950,0,33475,10985,22490,23756,5908,3811,0,33475,0
2020-12-27,LAZ,139,66,73,139,0,0,0,139,0,139,66,73,139,0,0,0,139,0
2020-12-28,LAZ,516,228,288,515,1,0,0,516,0,655,294,361,654,1,0,0,655,0
2020-12-29,LAZ,417,150,267,417,0,0,0,417,0,1072,444,628,1071,1,0,0,1072,0
2020-12-30,LAZ,1595,620,975,1572,0,23,0,1595,0,2667,1064,1603,2643,1,23,0,2667,0
2020-12-31,LAZ,5205,2088,3117,4914,12,279,0,5205,0,7872,3152,4720,7557,13,302,0,7872,0
2021-01-01,LAZ,3550,1380,2170,3480,2,68,0,3550,0,11422,4532,6890,11037,15,370,0,11422,0
2021-01-02,LAZ,6678,2614,4064,6229,104,345,0,6678,0,18100,7146,10954,17266,119,715,0,18100,0
2021-01-03,LAZ,5222,1962,3260,5055,102,65,0,5222,0,23322,9108,14214,22321,221,780,0,23322,0
2021-01-04,LAZ,7461,2902,4559,7059,86,316,0,7461,0,30783,12010,18773,29380,307,1096,0,30783,0
2021-01-05,LAZ,7348,2794,4554,6668,103,577,0,7348,0,38131,14804,23327,36048,410,1673,0,38131,0
2021-01-06,LAZ,5091,1949,3142,4609,162,320,0,5091,0,43222,16753,26469,40657,572,1993,0,43222,0
2021-01-07,LAZ,7703,2883,4820,6738,400,565,0,7703,0,50925,19636,31289,47395,972,2558,0,50925,0
2021-01-08,LAZ,7689,2880,4809,6324,572,793,0,7689,0,58614,22516,36098,53719,1544,3351,0,58614,0
2021-01-09,LAZ,6281,2554,3727,4917,746,618,0,6281,0,64895,25070,39825,58636,2290,3969,0,64895,0
2021-01-10,LAZ,4031,1696,2335,3127,653,251,0,4031,0,68926,26766,42160,61763,2943,4220,0,68926,0
2021-01-11,LAZ,5519,2100,3419,4446,505,568,0,5519,0,74445,28866,45579,66209,3448,4788,0,74445,0
2021-01-12,LAZ,5353,1958,3395,4102,669,582,0,5353,0,79798,30824,48974,70311,4117,5370,0,79798,0
2021-01-13,LAZ,5473,2015,3458,3820,678,972,3,5473,0,85271,32839,52432,74131,4795,6342,3,85271,0
2021-01-14,LAZ,5172,1950,3222,3561,744,783,84,5172,0,90443,34789,55654,77692,5539,7125,87,90443,0
2021-01-15,LAZ,6051,2366,3685,4098,887,911,155,6051,0,96494,37155,59339,81790,6426,8036,242,96494,0
2021-01-16,LAZ,5264,2044,3220,3138,622,1036,468,5264,0,101758,39199,62559,84928,7048,9072,710,101758,0
2021-01-17,LAZ,4412,1773,2639,2813,613,176,810,4412,0,106170,40972,65198,87741,7661,9248,1520,106170,0
2021-01-18,LAZ,5211,2009,3202,3165,884,710,452,4723,488,111381,42981,68400,90906,8545,9958,1972,110893,488
2021-01-19,LAZ,4227,1606,2621,2795,643,381,408,3776,451,115608,44587,71021,93701,9188,10339,2380,114669,939
2020-12-27,LIG,130,54,76,85,2,43,0,130,0,130,54,76,85,2,43,0,130,0
2020-12-28,LIG,75,26,49,72,3,0,0,75,0,205,80,125,157,5,43,0,205,0
2020-12-29,LIG,118,32,86,87,10,21,0,118,0,323,112,211,244,15,64,0,323,0
2020-12-30,LIG,9,3,6,9,0,0,0,9,0,332,115,217,253,15,64,0,332,0
2020-12-31,LIG,886,318,568,668,50,140,28,886,0,1218,433,785,921,65,204,28,1218,0
2021-01-01,LIG,144,55,89,133,11,0,0,144,0,1362,488,874,1054,76,204,28,1362,0
2021-01-02,LIG,685,244,441,579,106,0,0,685,0,2047,732,1315,1633,182,204,28,2047,0
2021-01-03,LIG,674,215,459,595,79,0,0,674,0,2721,947,1774,2228,261,204,28,2721,0
2021-01-04,LIG,2277,769,1508,1950,284,43,0,2277,0,4998,1716,3282,4178,545,247,28,4998,0
2021-01-05,LIG,2716,842,1874,2143,347,226,0,2716,0,7714,2558,5156,6321,892,473,28,7714,0
2021-01-06,LIG,1623,597,1026,1143,303,113,64,1623,0,9337,3155,6182,7464,1195,586,92,9337,0
2021-01-07,LIG,2891,997,1894,1971,572,348,0,2891,0,12228,4152,8076,9435,1767,934,92,12228,0
2021-01-08,LIG,2652,914,1738,1748,566,338,0,2652,0,14880,5066,9814,11183,2333,1272,92,14880,0
2021-01-09,LIG,1289,461,828,758,352,179,0,1289,0,16169,5527,10642,11941,2685,1451,92,16169,0
2021-01-10,LIG,565,237,328,157,269,139,0,565,0,16734,5764,10970,12098,2954,1590,92,16734,0
2021-01-11,LIG,2380,883,1497,1548,593,239,0,2380,0,19114,6647,12467,13646,3547,1829,92,19114,0
2021-01-12,LIG,2070,780,1290,1263,518,289,0,2070,0,21184,7427,13757,14909,4065,2118,92,21184,0
2021-01-13,LIG,2530,937,1593,1303,821,406,0,2530,0,23714,8364,15350,16212,4886,2524,92,23714,0
2021-01-14,LIG,2585,918,1667,1234,930,421,0,2585,0,26299,9282,17017,17446,5816,2945,92,26299,0
2021-01-15,LIG,1928,675,1253,903,668,357,0,1928,0,28227,9957,18270,18349,6484,3302,92,28227,0
2021-01-16,LIG,1246,540,706,327,621,298,0,1246,0,29473,10497,18976,18676,7105,3600,92,29473,0
2021-01-17,LIG,508,242,266,150,277,81,0,508,0,29981,10739,19242,18826,7382,3681,92,29981,0
2021-01-18,LIG,1565,602,963,579,804,182,0,1416,149,31546,11341,20205,19405,8186,3863,92,31397,149
2021-01-19,LIG,884,292,592,380,333,171,0,799,85,32430,11633,20797,19785,8519,4034,92,32196,234
2020-12-27,LOM,739,419,320,115,624,0,0,739,0,739,419,320,115,624,0,0,739,0
2020-12-28,LOM,104,44,60,0,104,0,0,104,0,843,463,380,115,728,0,0,843,0
2020-12-29,LOM,100,43,57,0,100,0,0,100,0,943,506,437,115,828,0,0,943,0
2020-12-30,LOM,114,42,72,31,83,0,0,114,0,1057,548,509,146,911,0,0,1057,0
2020-12-31,LOM,664,272,392,104,560,0,0,664,0,1721,820,901,250,1471,0,0,1721,0
2021-01-01,LOM,24,7,17,0,24,0,0,24,0,1745,827,918,250,1495,0,0,1745,0
2021-01-02,LOM,200,73,127,38,162,0,0,200,0,1945,900,1045,288,1657,0,0,1945,0
2021-01-03,LOM,837,312,525,90,747,0,0,837,0,2782,1212,1570,378,2404,0,0,2782,0
2021-01-04,LOM,5550,1890,3660,683,4867,0,0,5550,0,8332,3102,5230,1061,7271,0,0,8332,0
2021-01-05,LOM,7059,2277,4782,777,6282,0,0,7059,0,15391,5379,10012,1838,13553,0,0,15391,0
2021-01-06,LOM,6206,2132,4074,772,5434,0,0,6206,0,21597,7511,14086,2610,18987,0,0,21597,0
2021-01-07,LOM,10932,3385,7547,949,9983,0,0,10932,0,32529,10896,21633,3559,28970,0,0,32529,0
2021-01-08,LOM,11344,3510,7834,1019,10325,0,0,11344,0,43873,14406,29467,4578,39295,0,0,43873,0
2021-01-09,LOM,10838,3992,6846,903,9934,0,1,10838,0,54711,18398,36313,5481,49229,0,1,54711,0
2021-01-10,LOM,9766,3716,6050,783,8983,0,0,9766,0,64477,22114,42363,6264,58212,0,1,64477,0
2021-01-11,LOM,14463,4849,9614,876,13587,0,0,14463,0,78940,26963,51977,7140,71799,0,1,78940,0
2021-01-12,LOM,18099,6022,12077,736,17359,0,4,18099,0,97039,32985,64054,7876,89158,0,5,97039,0
2021-01-13,LOM,22643,7103,15540,611,22028,1,3,22643,0,119682,40088,79594,8487,111186,1,8,119682,0
2021-01-14,LOM,22355,6547,15808,598,21736,1,20,22355,0,142037,46635,95402,9085,132922,2,28,142037,0
2021-01-15,LOM,24817,7579,17238,527,24280,0,10,24817,0,166854,54214,112640,9612,157202,2,38,166854,0
2021-01-16,LOM,12649,4818,7831,256,12393,0,0,12649,0,179503,59032,120471,9868,169595,2,38,179503,0
2021-01-17,LOM,7470,2992,4478,235,7235,0,0,7470,0,186973,62024,124949,10103,176830,2,38,186973,0
2021-01-18,LOM,7156,2436,4720,334,6814,8,0,6192,964,194129,64460,129669,10437,183644,10,38,193165,964
2021-01-19,LOM,5995,1835,4160,1676,4136,182,1,5526,469,200124,66295,133829,12113,187780,192,39,198691,1433
2020-12-27,MAR,200,97,103,184,12,4,0,200,0,200,97,103,184,12,4,0,200,0
2020-12-30,MAR,17,5,12,14,3,0,0,17,0,217,102,115,198,15,4,0,217,0
2020-12-31,MAR,383,178,205,370,13,0,0,383,0,600,280,320,568,28,4,0,600,0
2021-01-02,MAR,453,139,314,444,9,0,0,453,0,1053,419,634,1012,37,4,0,1053,0
2021-01-03,MAR,896,348,548,759,137,0,0,896,0,1949,767,1182,1771,174,4,0,1949,0
2021-01-04,MAR,1500,563,937,1290,199,11,0,1500,0,3449,1330,2119,3061,373,15,0,3449,0
2021-01-05,MAR,1562,586,976,1436,126,0,0,1562,0,5011,1916,3095,4497,499,15,0,5011,0
2021-01-06,MAR,2181,792,1389,1738,296,147,0,2181,0,7192,2708,4484,6235,795,162,0,7192,0
2021-01-07,MAR,1801,633,1168,1479,322,0,0,1801,0,8993,3341,5652,7714,1117,162,0,8993,0
2021-01-08,MAR,1574,588,986,1226,348,0,0,1574,0,10567,3929,6638,8940,1465,162,0,10567,0
2021-01-09,MAR,1709,605,1104,1406,303,0,0,1709,0,12276,4534,7742,10346,1768,162,0,12276,0
2021-01-10,MAR,1737,699,1038,1462,275,0,0,1737,0,14013,5233,8780,11808,2043,162,0,14013,0
2021-01-11,MAR,1176,411,765,1021,155,0,0,1176,0,15189,5644,9545,12829,2198,162,0,15189,0
2021-01-12,MAR,1226,413,813,912,264,50,0,1226,0,16415,6057,10358,13741,2462,212,0,16415,0
2021-01-13,MAR,2105,746,1359,1408,621,76,0,2105,0,18520,6803,11717,15149,3083,288,0,18520,0
2021-01-14,MAR,2010,692,1318,1112,600,298,0,2010,0,20530,7495,13035,16261,3683,586,0,20530,0
2021-01-15,MAR,1771,500,1271,985,420,366,0,1771,0,22301,7995,14306,17246,4103,952,0,22301,0
2021-01-16,MAR,1738,568,1170,990,470,278,0,1738,0,24039,8563,15476,18236,4573,1230,0,24039,0
2021-01-17,MAR,1375,526,849,955,374,46,0,1375,0,25414,9089,16325,19191,4947,1276,0,25414,0
2021-01-18,MAR,567,208,359,331,104,132,0,441,126,25981,9297,16684,19522,5051,1408,0,25855,126
2021-01-19,MAR,213,79,134,116,20,77,0,129,84,26194,9376,16818,19638,5071,1485,0,25984,210
2020-12-27,MOL,50,20,30,29,4,17,0,50,0,50,20,30,29,4,17,0,50,0
2021-01-04,MOL,314,131,183,300,14,0,0,314,0,364,151,213,329,18,17,0,364,0
2021-01-05,MOL,448,180,268,440,8,0,0,448,0,812,331,481,769,26,17,0,812,0
2021-01-06,MOL,681,257,424,447,70,164,0,681,0,1493,588,905,1216,96,181,0,1493,0
2021-01-07,MOL,594,208,386,395,54,145,0,594,0,2087,796,1291,1611,150,326,0,2087,0
2021-01-08,MOL,426,141,285,232,74,120,0,426,0,2513,937,1576,1843,224,446,0,2513,0
2021-01-09,MOL,449,152,297,215,56,178,0,449,0,2962,1089,1873,2058,280,624,0,2962,0
2021-01-10,MOL,269,72,197,82,19,168,0,269,0,3231,1161,2070,2140,299,792,0,3231,0
2021-01-11,MOL,557,194,363,194,252,111,0,557,0,3788,1355,2433,2334,551,903,0,3788,0
2021-01-12,MOL,336,114,222,132,75,129,0,336,0,4124,1469,2655,2466,626,1032,0,4124,0
2021-01-13,MOL,472,159,313,256,74,142,0,472,0,4596,1628,2968,2722,700,1174,0,4596,0
2021-01-14,MOL,646,239,407,417,114,115,0,646,0,5242,1867,3375,3139,814,1289,0,5242,0
2021-01-15,MOL,538,242,296,398,59,81,0,538,0,5780,2109,3671,3537,873,1370,0,5780,0
2021-01-16,MOL,420,166,254,270,23,127,0,420,0,6200,2275,3925,3807,896,1497,0,6200,0
2021-01-17,MOL,78,38,40,78,0,0,0,78,0,6278,2313,3965,3885,896,1497,0,6278,0
2021-01-18,MOL,114,48,66,97,17,0,0,114,0,6392,2361,4031,3982,913,1497,0,6392,0
2021-01-19,MOL,174,63,111,90,62,22,0,163,11,6566,2424,4142,4072,975,1519,0,6555,11
2020-12-27,PAB,142,64,78,56,86,0,0,142,0,142,64,78,56,86,0,0,142,0
2020-12-30,PAB,351,164,187,116,235,0,0,351,0,493,228,265,172,321,0,0,493,0
2020-12-31,PAB,843,488,355,265,578,0,0,843,0,1336,716,620,437,899,0,0,1336,0
2021-01-02,PAB,72,32,40,66,6,0,0,72,0,1408,748,660,503,905,0,0,1408,0
2021-01-04,PAB,460,188,272,276,180,4,0,460,0,1868,936,932,779,1085,4,0,1868,0
2021-01-05,PAB,806,278,528,567,239,0,0,806,0,2674,1214,1460,1346,1324,4,0,2674,0
2021-01-06,PAB,59,18,41,59,0,0,0,59,0,2733,1232,1501,1405,1324,4,0,2733,0
2021-01-07,PAB,883,308,575,339,544,0,0,883,0,3616,1540,2076,1744,1868,4,0,3616,0
2021-01-08,PAB,1461,463,998,522,788,151,0,1461,0,5077,2003,3074,2266,2656,155,0,5077,0
2021-01-09,PAB,595,313,282,61,467,67,0,595,0,5672,2316,3356,2327,3123,222,0,5672,0
2021-01-10,PAB,2,2,0,1,1,0,0,2,0,5674,2318,3356,2328,3124,222,0,5674,0
2021-01-11,PAB,1401,433,968,217,1065,119,0,1401,0,7075,2751,4324,2545,4189,341,0,7075,0
2021-01-12,PAB,1461,385,1076,199,795,467,0,1461,0,8536,3136,5400,2744,4984,808,0,8536,0
2021-01-13,PAB,1373,431,942,285,894,194,0,1373,0,9909,3567,6342,3029,5878,1002,0,9909,0
2021-01-14,PAB,1607,477,1130,259,937,277,134,1607,0,11516,4044,7472,3288,6815,1279,134,11516,0
2021-01-15,PAB,2832,1028,1804,430,1835,333,234,2832,0,14348,5072,9276,3718,8650,1612,368,14348,0
2021-01-16,PAB,2698,1208,1490,462,1217,56,963,2698,0,17046,6280,10766,4180,9867,1668,1331,17046,0
2021-01-17,PAB,2276,1026,1250,50,902,4,1320,2276,0,19322,7306,12016,4230,10769,1672,2651,19322,0
2021-01-18,PAB,1541,576,965,254,593,7,687,1536,5,20863,7882,12981,4484,11362,1679,3338,20858,5
2021-01-19,PAB,603,267,336,54,103,0,446,592,11,21466,8149,13317,4538,11465,1679,3784,21450,16
2020-12-27,PAT,100,39,61,77,3,20,0,100,0,100,39,61,77,3,20,0,100,0
2020-12-31,PAT,1494,423,1071,811,102,581,0,1494,0,1594,462,1132,888,105,601,0,1594,0
2021-01-01,PAT,209,49,160,111,11,87,0,209,0,1803,511,1292,999,116,688,0,1803,0
2021-01-02,PAT,501,142,359,337,24,140,0,501,0,2304,653,1651,1336,140,828,0,2304,0
2021-01-03,PAT,493,159,334,417,11,65,0,493,0,2797,812,1985,1753,151,893,0,2797,0
2021-01-04,PAT,824,195,629,490,48,286,0,824,0,3621,1007,2614,2243,199,1179,0,3621,0
2021-01-05,PAT,694,233,461,485,52,157,0,694,0,4315,1240,3075,2728,251,1336,0,4315,0
2021-01-06,PAT,42,13,29,42,0,0,0,42,0,4357,1253,3104,2770,251,1336,0,4357,0
2021-01-07,PAT,1271,310,961,648,70,553,0,1271,0,5628,1563,4065,3418,321,1889,0,5628,0
2021-01-08,PAT,1489,332,1157,813,150,526,0,1489,0,7117,1895,5222,4231,471,2415,0,7117,0
2021-01-09,PAT,186,40,146,143,13,30,0,186,0,7303,1935,5368,4374,484,2445,0,7303,0
2021-01-10,PAT,78,18,60,52,18,8,0,78,0,7381,1953,5428,4426,502,2453,0,7381,0
2021-01-11,PAT,732,222,510,518,58,156,0,732,0,8113,2175,5938,4944,560,2609,0,8113,0
2021-01-12,PAT,509,159,350,401,42,66,0,509,0,8622,2334,6288,5345,602,2675,0,8622,0
2021-01-13,PAT,414,122,292,381,15,18,0,414,0,9036,2456,6580,5726,617,2693,0,9036,0
2021-01-14,PAT,595,174,421,441,16,138,0,595,0,9631,2630,7001,6167,633,2831,0,9631,0
2021-01-15,PAT,555,128,427,431,32,92,0,555,0,10186,2758,7428,6598,665,2923,0,10186,0
2021-01-16,PAT,317,148,169,300,2,15,0,317,0,10503,2906,7597,6898,667,2938,0,10503,0
2021-01-17,PAT,251,195,56,2,249,0,0,251,0,10754,3101,7653,6900,916,2938,0,10754,0
2020-12-27,PIE,912,368,544,759,77,76,0,912,0,912,368,544,759,77,76,0,912,0
2020-12-30,PIE,725,320,405,681,44,0,0,725,0,1637,688,949,1440,121,76,0,1637,0
2020-12-31,PIE,3831,1310,2521,3342,356,133,0,3831,0,5468,1998,3470,4782,477,209,0,5468,0
2021-01-01,PIE,1033,392,641,917,116,0,0,1033,0,6501,2390,4111,5699,593,209,0,6501,0
2021-01-02,PIE,3533,1131,2402,3068,413,52,0,3533,0,10034,3521,6513,8767,1006,261,0,10034,0
2021-01-03,PIE,3052,964,2088,2705,295,52,0,3052,0,13086,4485,8601,11472,1301,313,0,13086,0
2021-01-04,PIE,5528,1664,3864,4559,736,233,0,5528,0,18614,6149,12465,16031,2037,546,0,18614,0
2021-01-05,PIE,5358,1600,3758,4352,725,281,0,5358,0,23972,7749,16223,20383,2762,827,0,23972,0
2021-01-06,PIE,3107,1106,2001,2361,433,313,0,3107,0,27079,8855,18224,22744,3195,1140,0,27079,0
2021-01-07,PIE,5323,1717,3606,4125,877,321,0,5323,0,32402,10572,21830,26869,4072,1461,0,32402,0
2021-01-08,PIE,5504,1751,3753,4068,1027,409,0,5504,0,37906,12323,25583,30937,5099,1870,0,37906,0
2021-01-09,PIE,6144,2172,3972,4475,1127,542,0,6144,0,44050,14495,29555,35412,6226,2412,0,44050,0
2021-01-10,PIE,5180,2269,2911,3885,783,512,0,5180,0,49230,16764,32466,39297,7009,2924,0,49230,0
2021-01-11,PIE,8692,2966,5726,6010,1554,1128,0,8692,0,57922,19730,38192,45307,8563,4052,0,57922,0
2021-01-12,PIE,9959,3379,6580,6804,1989,1166,0,9959,0,67881,23109,44772,52111,10552,5218,0,67881,0
2021-01-13,PIE,9981,3188,6793,6418,2243,1320,0,9981,0,77862,26297,51565,58529,12795,6538,0,77862,0
2021-01-14,PIE,9732,3142,6590,6134,2119,1479,0,9732,0,87594,29439,58155,64663,14914,8017,0,87594,0
2021-01-15,PIE,8916,2939,5977,5468,1919,1529,0,8916,0,96510,32378,64132,70131,16833,9546,0,96510,0
2021-01-16,PIE,7737,2627,5110,4785,1588,1364,0,7737,0,104247,35005,69242,74916,18421,10910,0,104247,0
2021-01-17,PIE,3506,1165,2341,2078,593,835,0,3506,0,107753,36170,71583,76994,19014,11745,0,107753,0
2021-01-18,PIE,6080,2034,4046,3212,1401,1467,0,5834,246,113833,38204,75629,80206,20415,13212,0,113587,246
2021-01-19,PIE,5869,1965,3904,3439,1239,1191,0,5862,7,119702,40169,79533,83645,21654,14403,0,119449,253
2020-12-27,PUG,506,249,257,396,48,62,0,506,0,506,249,257,396,48,62,0,506,0
2020-12-30,PUG,2,0,2,1,1,0,0,2,0,508,249,259,397,49,62,0,508,0
2020-12-31,PUG,1596,760,836,1386,166,44,0,1596,0,2104,1009,1095,1783,215,106,0,2104,0
2021-01-01,PUG,84,33,51,84,0,0,0,84,0,2188,1042,1146,1867,215,106,0,2188,0
2021-01-02,PUG,2915,1276,1639,2573,321,21,0,2915,0,5103,2318,2785,4440,536,127,0,5103,0
2021-01-03,PUG,1997,938,1059,1555,299,143,0,1997,0,7100,3256,3844,5995,835,270,0,7100,0
2021-01-04,PUG,4499,2015,2484,4178,310,11,0,4499,0,11599,5271,6328,10173,1145,281,0,11599,0
2021-01-05,PUG,5064,2228,2836,4411,554,94,5,5064,0,16663,7499,9164,14584,1699,375,5,16663,0
2021-01-06,PUG,3897,1642,2255,2901,620,376,0,3897,0,20560,9141,11419,17485,2319,751,5,20560,0
2021-01-07,PUG,5682,2436,3246,4940,522,220,0,5682,0,26242,11577,14665,22425,2841,971,5,26242,0
2021-01-08,PUG,5314,2235,3079,4215,809,290,0,5314,0,31556,13812,17744,26640,3650,1261,5,31556,0
2021-01-09,PUG,4718,2171,2547,3973,566,175,4,4718,0,36274,15983,20291,30613,4216,1436,9,36274,0
2021-01-10,PUG,2331,1051,1280,1802,418,111,0,2331,0,38605,17034,21571,32415,4634,1547,9,38605,0
2021-01-11,PUG,3641,1546,2095,2946,557,138,0,3641,0,42246,18580,23666,35361,5191,1685,9,42246,0
2021-01-12,PUG,4048,1705,2343,3309,587,151,1,4048,0,46294,20285,26009,38670,5778,1836,10,46294,0
2021-01-13,PUG,4421,1682,2739,3442,772,207,0,4421,0,50715,21967,28748,42112,6550,2043,10,50715,0
2021-01-14,PUG,3919,1544,2375,2867,561,491,0,3919,0,54634,23511,31123,44979,7111,2534,10,54634,0
2021-01-15,PUG,4225,1753,2472,3359,441,425,0,4225,0,58859,25264,33595,48338,7552,2959,10,58859,0
2021-01-16,PUG,2251,936,1315,1509,337,405,0,2251,0,61110,26200,34910,49847,7889,3364,10,61110,0
2021-01-17,PUG,1280,580,700,760,296,224,0,1280,0,62390,26780,35610,50607,8185,3588,10,62390,0
2021-01-18,PUG,1721,700,1021,1044,233,444,0,1372,349,64111,27480,36631,51651,8418,4032,10,63762,349
2021-01-19,PUG,1076,372,704,452,87,537,0,1072,4,65187,27852,37335,52103,8505,4569,10,64834,353
2020-12-27,SAR,65,34,31,65,0,0,0,65,0,65,34,31,65,0,0,0,65,0
2020-12-28,SAR,65,25,40,65,0,0,0,65,0,130,59,71,130,0,0,0,130,0
2020-12-29,SAR,56,31,25,55,1,0,0,56,0,186,90,96,185,1,0,0,186,0
2020-12-31,SAR,32,16,16,27,5,0,0,32,0,218,106,112,212,6,0,0,218,0
2021-01-01,SAR,30,16,14,30,0,0,0,30,0,248,122,126,242,6,0,0,248,0
2021-01-02,SAR,60,21,39,59,1,0,0,60,0,308,143,165,301,7,0,0,308,0
2021-01-03,SAR,90,36,54,89,1,0,0,90,0,398,179,219,390,8,0,0,398,0
2021-01-04,SAR,586,215,371,560,26,0,0,586,0,984,394,590,950,34,0,0,984,0
2021-01-05,SAR,1321,444,877,1272,49,0,0,1321,0,2305,838,1467,2222,83,0,0,2305,0
2021-01-06,SAR,1593,542,1051,1474,119,0,0,1593,0,3898,1380,2518,3696,202,0,0,3898,0
2021-01-07,SAR,3095,1072,2023,2690,405,0,0,3095,0,6993,2452,4541,6386,607,0,0,6993,0
2021-01-08,SAR,3249,1180,2069,2838,411,0,0,3249,0,10242,3632,6610,9224,1018,0,0,10242,0
2021-01-09,SAR,4016,1414,2602,3157,859,0,0,4016,0,14258,5046,9212,12381,1877,0,0,14258,0
2021-01-10,SAR,2177,747,1430,1682,495,0,0,2177,0,16435,5793,10642,14063,2372,0,0,16435,0
2021-01-11,SAR,1180,504,676,686,494,0,0,1180,0,17615,6297,11318,14749,2866,0,0,17615,0
2021-01-12,SAR,865,408,457,513,352,0,0,865,0,18480,6705,11775,15262,3218,0,0,18480,0
2021-01-13,SAR,572,178,394,435,137,0,0,572,0,19052,6883,12169,15697,3355,0,0,19052,0
2021-01-14,SAR,1101,424,677,875,226,0,0,1101,0,20153,7307,12846,16572,3581,0,0,20153,0
2021-01-15,SAR,1558,570,988,1164,394,0,0,1558,0,21711,7877,13834,17736,3975,0,0,21711,0
2021-01-16,SAR,1489,524,965,1266,223,0,0,1489,0,23200,8401,14799,19002,4198,0,0,23200,0
2021-01-17,SAR,859,277,582,739,120,0,0,859,0,24059,8678,15381,19741,4318,0,0,24059,0
2021-01-18,SAR,900,326,574,713,187,0,0,776,124,24959,9004,15955,20454,4505,0,0,24835,124
2021-01-19,SAR,744,269,475,422,164,158,0,688,56,25703,9273,16430,20876,4669,158,0,25523,180
2020-12-27,SIC,90,55,35,63,2,25,0,90,0,90,55,35,63,2,25,0,90,0
2020-12-28,SIC,214,128,86,212,2,0,0,214,0,304,183,121,275,4,25,0,304,0
2020-12-29,SIC,235,146,89,235,0,0,0,235,0,539,329,210,510,4,25,0,539,0
2020-12-30,SIC,239,142,97,218,21,0,0,239,0,778,471,307,728,25,25,0,778,0
2020-12-31,SIC,895,481,414,844,51,0,0,895,0,1673,952,721,1572,76,25,0,1673,0
2021-01-01,SIC,811,433,378,735,76,0,0,811,0,2484,1385,1099,2307,152,25,0,2484,0
2021-01-02,SIC,4972,2598,2374,4402,570,0,0,4972,0,7456,3983,3473,6709,722,25,0,7456,0
2021-01-03,SIC,4697,2456,2241,4354,343,0,0,4697,0,12153,6439,5714,11063,1065,25,0,12153,0
2021-01-04,SIC,8378,4173,4205,7579,793,6,0,8378,0,20531,10612,9919,18642,1858,31,0,20531,0
2021-01-05,SIC,10597,5188,5409,9240,1148,209,0,10597,0,31128,15800,15328,27882,3006,240,0,31128,0
2021-01-06,SIC,6486,3409,3077,5744,740,2,0,6486,0,37614,19209,18405,33626,3746,242,0,37614,0
2021-01-07,SIC,9210,4254,4956,7780,1218,212,0,9210,0,46824,23463,23361,41406,4964,454,0,46824,0
2021-01-08,SIC,8599,3992,4607,6877,1509,213,0,8599,0,55423,27455,27968,48283,6473,667,0,55423,0
2021-01-09,SIC,7267,3393,3874,5115,1696,456,0,7267,0,62690,30848,31842,53398,8169,1123,0,62690,0
2021-01-10,SIC,3621,1617,2004,2227,929,465,0,3621,0,66311,32465,33846,55625,9098,1588,0,66311,0
2021-01-11,SIC,5840,2572,3268,4039,1419,382,0,5840,0,72151,35037,37114,59664,10517,1970,0,72151,0
2021-01-12,SIC,4435,2213,2222,2868,1372,195,0,4435,0,76586,37250,39336,62532,11889,2165,0,76586,0
2021-01-13,SIC,4975,2397,2578,3090,1473,412,0,4975,0,81561,39647,41914,65622,13362,2577,0,81561,0
2021-01-14,SIC,5038,2454,2584,3035,1814,189,0,5038,0,86599,42101,44498,68657,15176,2766,0,86599,0
2021-01-15,SIC,4400,2009,2391,2634,1478,288,0,4400,0,90999,44110,46889,71291,16654,3054,0,90999,0
2021-01-16,SIC,2641,1140,1501,1343,1098,200,0,2641,0,93640,45250,48390,72634,17752,3254,0,93640,0
2021-01-17,SIC,1076,512,564,530,444,102,0,1027,49,94716,45762,48954,73164,18196,3356,0,94667,49
2020-12-27,TOS,619,267,352,460,146,13,0,619,0,619,267,352,460,146,13,0,619,0
2020-12-30,TOS,302,96,206,34,6,262,0,302,0,921,363,558,494,152,275,0,921,0
2020-12-31,TOS,761,188,573,97,4,660,0,761,0,1682,551,1131,591,156,935,0,1682,0
2021-01-01,TOS,2365,785,1580,1714,2,649,0,2365,0,4047,1336,2711,2305,158,1584,0,4047,0
2021-01-02,TOS,3495,1097,2398,2680,15,800,0,3495,0,7542,2433,5109,4985,173,2384,0,7542,0
2021-01-03,TOS,3334,1051,2283,2563,9,762,0,3334,0,10876,3484,7392,7548,182,3146,0,10876,0
2021-01-04,TOS,5050,1889,3161,4090,32,928,0,5050,0,15926,5373,10553,11638,214,4074,0,15926,0
2021-01-05,TOS,5238,1752,3486,4348,11,879,0,5238,0,21164,7125,14039,15986,225,4953,0,21164,0
2021-01-06,TOS,4513,1459,3054,3980,10,523,0,4513,0,25677,8584,17093,19966,235,5476,0,25677,0
2021-01-07,TOS,5985,1741,4244,5299,30,656,0,5985,0,31662,10325,21337,25265,265,6132,0,31662,0
2021-01-08,TOS,5916,1637,4279,5358,39,519,0,5916,0,37578,11962,25616,30623,304,6651,0,37578,0
2021-01-09,TOS,4480,1594,2886,3778,144,558,0,4480,0,42058,13556,28502,34401,448,7209,0,42058,0
2021-01-10,TOS,2995,1100,1895,2432,138,425,0,2995,0,45053,14656,30397,36833,586,7634,0,45053,0
2021-01-11,TOS,5087,1687,3400,4356,210,521,0,5087,0,50140,16343,33797,41189,796,8155,0,50140,0
2021-01-12,TOS,3580,1396,2184,2943,283,354,0,3580,0,53720,17739,35981,44132,1079,8509,0,53720,0
2021-01-13,TOS,4023,1393,2630,3300,348,375,0,4023,0,57743,19132,38611,47432,1427,8884,0,57743,0
2021-01-14,TOS,3252,1178,2074,2457,475,320,0,3252,0,60995,20310,40685,49889,1902,9204,0,60995,0
2021-01-15,TOS,3874,1346,2528,2757,676,441,0,3874,0,64869,21656,43213,52646,2578,9645,0,64869,0
2021-01-16,TOS,3247,1037,2210,2493,537,217,0,3247,0,68116,22693,45423,55139,3115,9862,0,68116,0
2021-01-17,TOS,2485,836,1649,2003,293,189,0,2485,0,70601,23529,47072,57142,3408,10051,0,70601,0
2021-01-18,TOS,1119,636,483,430,314,375,0,1111,8,71720,24165,47555,57572,3722,10426,0,71712,8
2021-01-19,TOS,1091,528,563,388,219,484,0,1091,0,72811,24693,48118,57960,3941,10910,0,72803,8
2020-12-27,UMB,85,45,40,66,3,16,0,85,0,85,45,40,66,3,16,0,85,0
2020-12-31,UMB,318,125,193,306,12,0,0,318,0,403,170,233,372,15,16,0,403,0
2021-01-01,UMB,269,102,167,268,1,0,0,269,0,672,272,400,640,16,16,0,672,0
2021-01-02,UMB,301,110,191,301,0,0,0,301,0,973,382,591,941,16,16,0,973,0
2021-01-03,UMB,267,111,156,266,1,0,0,267,0,1240,493,747,1207,17,16,0,1240,0
2021-01-04,UMB,806,396,410,805,1,0,0,806,0,2046,889,1157,2012,18,16,0,2046,0
2021-01-05,UMB,846,427,419,840,5,1,0,846,0,2892,1316,1576,2852,23,17,0,2892,0
2021-01-06,UMB,842,323,519,839,3,0,0,842,0,3734,1639,2095,3691,26,17,0,3734,0
2021-01-07,UMB,1267,378,889,879,4,384,0,1267,0,5001,2017,2984,4570,30,401,0,5001,0
2021-01-08,UMB,1185,339,846,926,9,250,0,1185,0,6186,2356,3830,5496,39,651,0,6186,0
2021-01-09,UMB,1687,487,1200,882,13,792,0,1687,0,7873,2843,5030,6378,52,1443,0,7873,0
2021-01-10,UMB,1038,267,771,737,9,292,0,1038,0,8911,3110,5801,7115,61,1735,0,8911,0
2021-01-11,UMB,1255,327,928,875,20,360,0,1255,0,10166,3437,6729,7990,81,2095,0,10166,0
2021-01-12,UMB,768,238,530,664,13,91,0,768,0,10934,3675,7259,8654,94,2186,0,10934,0
2021-01-13,UMB,420,136,284,371,9,40,0,420,0,11354,3811,7543,9025,103,2226,0,11354,0
2021-01-14,UMB,730,196,534,696,33,1,0,730,0,12084,4007,8077,9721,136,2227,0,12084,0
2021-01-15,UMB,624,194,430,577,39,8,0,624,0,12708,4201,8507,10298,175,2235,0,12708,0
2021-01-16,UMB,142,48,94,108,10,24,0,142,0,12850,4249,8601,10406,185,2259,0,12850,0
2021-01-17,UMB,54,17,37,47,7,0,0,54,0,12904,4266,8638,10453,192,2259,0,12904,0
2021-01-18,UMB,495,191,304,307,142,46,0,411,84,13399,4457,8942,10760,334,2305,0,13315,84
2021-01-19,UMB,90,21,69,21,0,69,0,90,0,13489,4478,9011,10781,334,2374,0,13405,84
2020-12-27,VDA,20,9,11,0,20,0,0,20,0,20,9,11,0,20,0,0,20,0
2020-12-31,VDA,18,4,14,0,18,0,0,18,0,38,13,25,0,38,0,0,38,0
2021-01-02,VDA,6,5,1,0,6,0,0,6,0,44,18,26,0,44,0,0,44,0
2021-01-04,VDA,142,59,83,0,142,0,0,142,0,186,77,109,0,186,0,0,186,0
2021-01-05,VDA,150,54,96,0,150,0,0,150,0,336,131,205,0,336,0,0,336,0
2021-01-06,VDA,65,33,32,0,65,0,0,65,0,401,164,237,0,401,0,0,401,0
2021-01-07,VDA,275,111,164,0,275,0,0,275,0,676,275,401,0,676,0,0,676,0
2021-01-08,VDA,298,130,168,0,298,0,0,298,0,974,405,569,0,974,0,0,974,0
2021-01-09,VDA,443,199,244,0,443,0,0,443,0,1417,604,813,0,1417,0,0,1417,0
2021-01-10,VDA,220,71,149,0,220,0,0,220,0,1637,675,962,0,1637,0,0,1637,0
2021-01-11,VDA,325,112,213,0,325,0,0,325,0,1962,787,1175,0,1962,0,0,1962,0
2021-01-12,VDA,300,71,229,0,300,0,0,300,0,2262,858,1404,0,2262,0,0,2262,0
2021-01-13,VDA,282,94,188,0,282,0,0,282,0,2544,952,1592,0,2544,0,0,2544,0
2021-01-14,VDA,237,69,168,0,237,0,0,237,0,2781,1021,1760,0,2781,0,0,2781,0
2021-01-15,VDA,218,82,136,0,218,0,0,218,0,2999,1103,1896,0,2999,0,0,2999,0
2021-01-16,VDA,236,80,156,0,236,0,0,236,0,3235,1183,2052,0,3235,0,0,3235,0
2021-01-17,VDA,131,56,75,0,131,0,0,131,0,3366,1239,2127,0,3366,0,0,3366,0
2021-01-18,VDA,213,74,139,0,213,0,0,213,0,3579,1313,2266,0,3579,0,0,3579,0
2021-01-19,VDA,256,77,179,0,256,0,0,256,0,3835,1390,2445,0,3835,0,0,3835,0
2020-12-27,VEN,880,395,485,878,2,0,0,880,0,880,395,485,878,2,0,0,880,0
2020-12-30,VEN,698,245,453,615,44,39,0,698,0,1578,640,938,1493,46,39,0,1578,0
2020-12-31,VEN,3206,1040,2166,2850,105,251,0,3206,0,4784,1680,3104,4343,151,290,0,4784,0
2021-01-01,VEN,1521,470,1051,1511,10,0,0,1521,0,6305,2150,4155,5854,161,290,0,6305,0
2021-01-02,VEN,5724,1763,3961,4915,268,541,0,5724,0,12029,3913,8116,10769,429,831,0,12029,0
2021-01-03,VEN,5150,1560,3590,4576,325,249,0,5150,0,17179,5473,11706,15345,754,1080,0,17179,0
2021-01-04,VEN,6601,2001,4600,5270,475,856,0,6601,0,23780,7474,16306,20615,1229,1936,0,23780,0
2021-01-05,VEN,7300,2172,5128,5482,698,1120,0,7300,0,31080,9646,21434,26097,1927,3056,0,31080,0
2021-01-06,VEN,8066,2361,5705,6491,782,793,0,8066,0,39146,12007,27139,32588,2709,3849,0,39146,0
2021-01-07,VEN,8317,2305,6012,5537,983,1797,0,8317,0,47463,14312,33151,38125,3692,5646,0,47463,0
2021-01-08,VEN,9336,2806,6530,6138,1399,1799,0,9336,0,56799,17118,39681,44263,5091,7445,0,56799,0
2021-01-09,VEN,7867,2511,5356,5010,1319,1538,0,7867,0,64666,19629,45037,49273,6410,8983,0,64666,0
2021-01-10,VEN,5007,1659,3348,3388,1242,377,0,5007,0,69673,21288,48385,52661,7652,9360,0,69673,0
2021-01-11,VEN,6892,2005,4887,3564,1536,1792,0,6892,0,76565,23293,53272,56225,9188,11152,0,76565,0
2021-01-12,VEN,5191,1510,3681,2315,1149,1727,0,5191,0,81756,24803,56953,58540,10337,12879,0,81756,0
2021-01-13,VEN,5747,1560,4187,2826,1222,1699,0,5747,0,87503,26363,61140,61366,11559,14578,0,87503,0
2021-01-14,VEN,6796,1839,4957,3047,1476,2273,0,6796,0,94299,28202,66097,64413,13035,16851,0,94299,0
2021-01-15,VEN,5436,1713,3723,2686,1443,1307,0,5436,0,99735,29915,69820,67099,14478,18158,0,99735,0
2021-01-16,VEN,4454,1505,2949,2597,1217,640,0,4454,0,104189,31420,72769,69696,15695,18798,0,104189,0
2021-01-17,VEN,1867,757,1110,1166,581,120,0,1517,350,106056,32177,73879,70862,16276,18918,0,105706,350
2021-01-18,VEN,2426,688,1738,1012,595,819,0,2224,202,108482,32865,75617,71874,16871,19737,0,107930,552
2021-01-19,VEN,1108,428,680,783,197,128,0,959,149,109590,33293,76297,72657,17068,19865,0,108889,701
